,phi
0,0.008736154159387506
1,0.045718044305243455
2,0.09244321640494628
3,0.07566748063669428
4,0.043573810594392075
5,0.04404772932801152
6,0.07718917284042438
7,0.0816591992088833
8,0.06782539145132975
9,0.03759897010268815
10,0.01577472371550683
11,0.02566261391966325
12,0.012531501468457527
13,0.04164127037885502
14,0.06829158863395798
15,0.05957809166970488
16,0.02326992393090258
17,0.027156768202601985
18,0.058784616889979144
19,0.08420068280191999
20,0.12157671370987196
21,0.10281676141690561
22,0.07285406861738146
23,0.0872907381768753
24,0.08651075902830657
25,0.06555426464144715
26,0.07888719656922197
27,0.058004876904494095
28,0.050278815980925456
29,0.07170430917510912
30,0.06416541044768832
31,0.08986953121098423
32,0.10652020176948823
33,0.07910975490177165
34,0.08080996526447821
35,0.05557323749922948
36,0.04680186306869775
37,0.08258537533396114
38,0.11213657096473667
39,0.09031885031312746
40,0.04174875710194403
41,0.06195281026102602
42,0.05655038952731064
43,0.08836331627539117
44,0.05312905911514295
45,0.06321589883886297
46,0.06481962398033515
47,0.08023966380808888
48,0.12088607905617849
49,0.12819606454625154
50,0.10529561844814257
51,0.049276825158284306
52,0.0991857533125583
53,0.13282199107919063
54,0.15368285439868642
55,0.10194719861037779
56,0.11985193788184414
57,0.1452215378232189
58,0.10189912683053472
59,0.11355918131946548
60,0.09902773484647866
61,0.08226735676482196
62,0.10819991243929802
63,0.09213659224844235
64,0.08255643660082183
65,0.06752828256894533
66,0.08160509207827861
67,0.07339071641126503
68,0.06878723704204803
69,0.12472010245251382
70,0.10824193680973641
71,0.1411117935574215
72,0.11048904481277493
73,0.1077305036381158
74,0.10877028222799676
75,0.12151101219413765
76,0.14215867870750673
77,0.10194713027806819
78,0.10079760999887952
79,0.07753428517034221
80,0.09834222511600949
81,0.1029717732613604
82,0.09452207317853425
83,0.14100697179440919
84,0.1025529303693236
85,0.10780823164034956
86,0.10708899991506506
87,0.08780637378553971
88,0.12150209482772767
89,0.1475627735828086
90,0.12875304120225783
91,0.13795999994069205
92,0.13047436624864805
93,0.1255545082857236
94,0.1156823003466332
95,0.08246001971189705
96,0.07838840487488782
97,0.0974659999092902
98,0.0921896522868902
99,0.06283519542448336
100,0.07872777729079439
101,0.09279695568895814
102,0.09503152471317482
103,0.08315188434716438
104,0.08801526565615819
105,0.0869776737001862
106,0.0743456604387081
107,0.07707946531727165
108,0.10413844495027257
109,0.10600805110861632
110,0.10333864943190348
111,0.09382074451837966
112,0.06193614320679141
113,0.07778690971914058
114,0.06430897663027563
115,0.029762108339012286
116,0.03279485702345198
117,0.02352470094745506
118,0.029039869992102865
119,0.022138033387605206
120,0.012436417059571122
121,0.03464708265785726
122,0.06596531765018299
123,0.0613286629446279
124,0.06127167379837478
125,0.07260855062878736
126,0.08145310896296064
127,0.08901756397419276
128,0.08433215416569821
129,0.0506101935166024
130,0.04077604667399045
131,0.06134417437891981
132,0.07126315578396973
133,0.052659445317031865
134,0.029071542017628463
135,0.09333838674451779
136,0.12378777641956702
137,0.10190712171076446
138,0.09343125035334025
139,0.08783480002635663
140,0.07452332444381381
141,0.11131309830107176
142,0.11749891479883866
143,0.1049611659585311
144,0.1086561672708712
145,0.1630821685888023
146,0.15381299328242634
147,0.14444077285308918
148,0.13217662658064422
149,0.13197931703651242
150,0.08765947640285668
151,0.11059434490195497
152,0.11199730971765773
153,0.15012827598268952
154,0.1349222871149332
155,0.13945152342970893
156,0.11447158848414764
157,0.1012485349102997
158,0.1420289839837796
159,0.15919324018165826
160,0.15585336188260052
161,0.15932891398248047
162,0.16580886690716165
163,0.17176293437673007
164,0.18013036235873023
165,0.15121776632784514
166,0.15934145296130225
167,0.18027960012301908
168,0.15275934323368512
169,0.09796950653299061
170,0.11613705186739398
171,0.08426108856365597
172,0.09956564678809106
173,0.17538174516380375
174,0.09654874115062247
175,0.08666266175267193
176,0.0896314272779878
177,0.09537308376299042
178,0.07836472772959198
179,0.07777816318350464
180,0.08004478006094985
181,0.07962761131049988
182,0.06483130880528636
183,0.10895029766846423
184,0.09329330450322224
185,0.0573799437665349
186,0.10117159272962713
187,0.13216747005115037
188,0.1054475211725079
189,0.09400189347127777
190,0.13293303108238158
191,0.1507847103154
192,0.12365319593569937
193,0.08851757646443963
194,0.08068238884235035
195,0.05503037146516721
196,0.06526187068842904
197,0.07226818739439074
198,0.08386831444775304
199,0.13629590320363869
200,0.17679161154278186
201,0.11807943193552158
202,0.10286951395996008
203,0.1173829890355072
204,0.08901612899568999
205,0.09407654651957693
206,0.08010183753951275
207,0.13827993181450152
208,0.15414283334113613
209,0.12574119215570387
210,0.14823079024200603
211,0.16167640214840356
212,0.1212649817132212
213,0.15625853831270592
214,0.14406412516226508
215,0.12414665770988036
216,0.15800586380292034
217,0.11135684806232912
218,0.0994486960401148
219,0.13345003333723912
220,0.14978046452654029
221,0.12676723595134395
222,0.16219118360319734
223,0.1416234658921259
224,0.13450966246307522
225,0.1201652073554622
226,0.14042334553763708
227,0.15617759869191844
228,0.16426274590272955
229,0.1784221229496392
230,0.1415990370914238
231,0.1195863643603659
232,0.13978409678080486
233,0.10961066713830149
234,0.10500992106147068
235,0.1004769606358186
236,0.10995974274217928
237,0.10124979905802828
238,0.07188368148795611
239,0.08628734654188606
240,0.08961021009583951
241,0.08051948461613039
242,0.0875416544179322
243,0.08601094234932745
244,0.073002349729335
245,0.11747715095821334
246,0.14969159835783263
247,0.10977541633688219
248,0.10412467598987686
249,0.15111783032497328
250,0.10176184722043576
251,0.08644854246036472
252,0.12668735548135604
253,0.16223102133972672
254,0.13429470609997476
255,0.1171488825426257
256,0.13943953110936436
257,0.12159184931646069
258,0.10864448244592004
259,0.14877222129756545
260,0.1108974328614342
261,0.13511877667134914
262,0.14484137101844757
263,0.1381834465932671
264,0.13309648196707888
265,0.1341966663186959
266,0.20145096545759178
267,0.20147430094133936
268,0.16289288809105518
269,0.1524827682103525
270,0.12301138471725505
271,0.11562811282507598
272,0.15844957965567166
273,0.1713888491475182
274,0.17511846077469917
275,0.1436230742695902
276,0.1480517937568621
277,0.10472087539162565
278,0.1485505512850414
279,0.12802906038145218
280,0.14762762094467224
281,0.14895255026274784
282,0.12491474703656893
283,0.14851149937007296
284,0.1762459609671012
285,0.11601022710067246
286,0.09982201253084304
287,0.13551010174033234
288,0.1576002090466474
289,0.10845240032347692
290,0.14406337350685888
291,0.1509527394648443
292,0.1253973098073599
293,0.15609867487426565
294,0.13629221325891722
295,0.17697416130802782
296,0.14711297615449778
297,0.13183708333396343
298,0.11856811044802659
299,0.13208735041807862
300,0.15367530367846943
301,0.0996440239472664
302,0.08781160120722846
303,0.09324244818176067
304,0.08762604482035738
305,0.14201350671564245
306,0.07205775804680492
307,0.04774126149569399
308,0.07018343695909483
309,0.07863187289419218
310,0.14211193940770192
311,0.09263439312428641
312,0.11087191074377765
313,0.10743735802969147
314,0.12690277308754663
315,0.10399692873697489
316,0.13486464881173837
317,0.16989958062471994
318,0.15871429902327916
319,0.1721341154827817
320,0.15134845187006232
321,0.1381332906779796
322,0.13625534797785785
323,0.13969003735656332
324,0.11886204187801211
325,0.11422781296944984
326,0.12532149510979648
327,0.12396219463996395
328,0.10174455914609275
329,0.12685340299382017
330,0.1551592422811147
331,0.12734997388809063
332,0.13479829813906227
333,0.10966997958308293
334,0.1630479682678195
335,0.12086332439706297
336,0.14937504893335102
337,0.1409376828324179
338,0.12860968001659953
339,0.14051795162035574
340,0.12674198716292612
341,0.0679787633203527
342,0.10026328550352423
343,0.08474846876227755
344,0.13255105347140445
345,0.11099929925205389
346,0.144617992698182
347,0.12035366786549347
348,0.17694795586727483
349,0.18607243750795416
350,0.16899038507859157
351,0.14078390096953702
352,0.17129113394470996
353,0.16199199492055003
354,0.15549253312146186
355,0.13092542782468752
356,0.15868799108406179
357,0.15897235599069534
358,0.15000076789287134
359,0.18621583285976737
360,0.17856647495378764
361,0.14535041255923023
362,0.17420127034834118
363,0.1668459805369661
364,0.1567030058208636
365,0.15469673504320777
366,0.17576437193172276
367,0.16086581012510898
368,0.16320766087548566
369,0.1530007271175452
370,0.19394018547559472
371,0.22843365206686192
372,0.17842735037132798
373,0.2144379650677332
374,0.12408905357284027
375,0.15393069568580892
376,0.1495895782195162
377,0.12161405731709891
378,0.11171362813412064
379,0.1203513104008104
380,0.1686573675674829
381,0.18727556448406782
382,0.16724083878831345
383,0.1890108976539376
384,0.14788612207210097
385,0.2024462938800416
386,0.1819047816097233
387,0.18730265824484643
388,0.2392781262738929
389,0.1460658518413288
390,0.17801096744243897
391,0.2022749506135792
392,0.18582374206696095
393,0.13904023125788934
394,0.18877771364723628
395,0.189765610931011
396,0.16772186408213707
397,0.18701262175651145
398,0.15597595004612347
399,0.1443084131692854
400,0.142188403262207
401,0.14042030474985728
402,0.17492010413841055
403,0.19132408300041345
404,0.17987274955132712
405,0.20216514059196183
406,0.1794504900438075
407,0.13797380306724247
408,0.14131802046796332
409,0.16655604654709552
410,0.17919895881196385
411,0.19495109366464583
412,0.15005215378973258
413,0.16186294935376438
414,0.18064200052727974
415,0.1515475159467332
416,0.17452550715765897
417,0.17066741370524716
418,0.20827855900764836
419,0.2017112090589169
420,0.1994224866792978
421,0.24490935774649153
422,0.1992815171244774
423,0.23623990095581168
424,0.2351119395203197
425,0.20691232280838548
426,0.22770563963978646
427,0.2533498329675139
428,0.2635241722137486
429,0.22242300544489807
430,0.21584099821574548
431,0.1866856174886525
432,0.1991897126664545
433,0.21714932278257462
434,0.23399586790670776
435,0.28245772273939623
436,0.26965569869149364
437,0.24321488729779608
438,0.18738127456710574
439,0.21796934466460188
440,0.20355443894573352
441,0.19212623598346548
442,0.19710250226801113
443,0.19157014764748478
444,0.18514515098284437
445,0.20466928057777165
446,0.16878829227278383
447,0.1871921990662874
448,0.1955149718839273
449,0.18037109708564844
450,0.19068570548052935
451,0.1745708114789608
452,0.17030185293166497
453,0.1648275807743462
454,0.19129446094417762
455,0.18795024354345657
456,0.19337450850874996
457,0.18303349470062152
458,0.16982687504724578
459,0.21575718863795237
460,0.21288374668460677
461,0.1815094791983633
462,0.15982647569524078
463,0.17495145660989975
464,0.1901168560857204
465,0.17238612504079315
466,0.17303347117631954
467,0.17865086535621275
468,0.2282910767027645
469,0.23532479466489814
470,0.2020909658698303
471,0.2209642131322063
472,0.20657787031877425
473,0.22063850717823094
474,0.18958382990424857
475,0.1724628280583819
476,0.19365414642737444
477,0.22162334659114855
478,0.2068744325426814
479,0.2009004803710029
480,0.17778253253125878
481,0.20810581492883778
482,0.17684094747035356
483,0.2031374068599029
484,0.20510281491638432
485,0.1996635972339193
486,0.1770443385900446
487,0.18358329646411398
488,0.15865966734170922
489,0.14061122522303623
490,0.17259696438223676
491,0.19323321939989332
492,0.21152847782104384
493,0.23519554410118385
494,0.20062212870761906
495,0.22078344000701142
496,0.21279091724193902
497,0.20795131557670554
498,0.23124549244305254
499,0.2037703348780917
500,0.2158373082710241
501,0.24909597586065224
502,0.2203890259156768
503,0.25415984416617643
504,0.2347448583528477
505,0.23466391873205994
506,0.21082636333932825
507,0.22853403222974666
508,0.2609888043624261
509,0.2923487220636419
510,0.2850809659409363
511,0.29647763354229795
512,0.308063103315239
513,0.2999655196240706
514,0.28514977657676
515,0.2443603184277175
516,0.2485084888283843
517,0.24159131162036884
518,0.24607203199528882
519,0.19490134774321616
520,0.21580396210391187
521,0.21217117735951369
522,0.2476933185403427
523,0.2529366274910239
524,0.23553643691098045
525,0.2713181554531155
526,0.24367896617882515
527,0.253033386041497
528,0.25900819236704603
529,0.27960792376519134
530,0.2537907813617244
531,0.2423452903251136
532,0.28227387466026654
533,0.30482750012071647
534,0.254773809968436
535,0.228000937715965
536,0.29032027745150263
537,0.2631261023438473
538,0.2758299670289289
539,0.28194751954934927
540,0.3138885231532371
541,0.28745230208292943
542,0.27542055399562465
543,0.2653584505680003
544,0.27876808551336396
545,0.23161650271833006
546,0.22271686854257391
547,0.22617831002050973
548,0.23046025170664042
549,0.22226071620946508
550,0.24565542698639342
551,0.27868161097549426
552,0.2820510088323234
553,0.27958677491535294
554,0.2800326090697036
555,0.2574217552999169
556,0.27353734970765936
557,0.2968786075353594
558,0.35534082755389806
559,0.3486957496029329
560,0.3129488634556452
561,0.33746441202478394
562,0.3288169240716585
563,0.33064935745354956
564,0.309444577619555
565,0.2945612880841493
566,0.2769736790617965
567,0.27442652388705846
568,0.29030746514344213
569,0.268316317089926
570,0.27605426783537473
571,0.2603657161968276
572,0.2834073026805312
573,0.30936582463267637
574,0.2915988774636315
575,0.25860889251557106
576,0.2627134776919895
577,0.2690137849745851
578,0.26806885163050664
579,0.29400721555130327
580,0.25254354587972777
581,0.2352995800426351
582,0.25361096488886453
583,0.26213917879548543
584,0.2521633449088015
585,0.26756015175127246
586,0.22121694017946902
587,0.2815939340130342
588,0.2688042439470248
589,0.23713560087078295
590,0.2661317331502228
591,0.2515832719321315
592,0.2370709243396936
593,0.26409372201473147
594,0.2642401923204793
595,0.23211228779103923
596,0.2633538539319311
597,0.2556807505483456
598,0.25874712877800526
599,0.2270662200521801
600,0.18568946907848694
601,0.15239479036167033
602,0.1864156706993564
603,0.16900903979912776
604,0.18546325496737076
605,0.22008911540859633
606,0.21587858098605633
607,0.27079008336409344
608,0.274081753218689
609,0.23469764072687513
610,0.2507349263077519
611,0.2428950579224511
612,0.2313806195853973
613,0.2500327093275716
614,0.27624269417925124
615,0.24674958101168326
616,0.24960054163515216
617,0.2597624785671841
618,0.24189347709366768
619,0.22418778984022958
620,0.2226124909395744
621,0.2314850313545519
622,0.24243179902913808
623,0.23778011121545875
624,0.2586569984615689
625,0.26407014736790035
626,0.2960743704168627
627,0.27198265299836544
628,0.29651583130339565
629,0.312506480082932
630,0.2781237459994625
631,0.2826926833861485
632,0.31058149058761203
633,0.3161360532087764
634,0.2923454762789333
635,0.338108273212518
636,0.3359914407578386
637,0.3199345096379358
638,0.3279739083674321
639,0.31139420091250597
640,0.2721256725224754
641,0.2655809747343952
642,0.28929170536040516
643,0.29940956795270907
644,0.2968418447527645
645,0.28677140478336205
646,0.33714536847100013
647,0.2518301907330736
648,0.28598302076070553
649,0.22529354327508352
650,0.2499355749493958
651,0.27090645328743773
652,0.2682310042013203
653,0.2859809024591061
654,0.29659000602552726
655,0.28510447225545793
656,0.26238247598401565
657,0.26056374323021053
658,0.3423091727793966
659,0.267532613830481
660,0.27265688789774134
661,0.2841055563867513
662,0.2944172777415492
663,0.3233581975147868
664,0.27880928989608655
665,0.2776021654798579
666,0.27935205343168423
667,0.29252850437034694
668,0.26568615524203304
669,0.3161961173089641
670,0.33690907534420955
671,0.27929352680846403
672,0.27848293478516944
673,0.24560443400031284
674,0.25976138525022974
675,0.3165332347586522
676,0.30895319998081844
677,0.27540801501680284
678,0.2876921484898222
679,0.2423207590259471
680,0.2556544426091283
681,0.29544673815267203
682,0.2843174207128398
683,0.3020646881767039
684,0.28445777527687327
685,0.2689086215500244
686,0.20985910241306963
687,0.24094608378644192
688,0.2227341907830717
689,0.2059161402320652
690,0.18520297719989084
691,0.2386196078057378
692,0.23226719713702965
693,0.22467219758338106
694,0.21863548218528356
695,0.1807384174162044
696,0.19674239099612392
697,0.22750354683397872
698,0.2124718736881549
699,0.2389544702892073
700,0.22356876744705553
701,0.25459679512027217
702,0.27591258079130293
703,0.26048464858178383
704,0.22794729685288503
705,0.19639905530625715
706,0.21789373496396747
707,0.24131131998155328
708,0.2626011052087601
709,0.25896254638419575
710,0.23082190045549483
711,0.2321983523350511
712,0.25304944413426617
713,0.24177000061011938
714,0.2570929060596971
715,0.24519105769304833
716,0.24278579455931124
717,0.24044684793209486
718,0.26281888027963385
719,0.27333679437881886
720,0.2941089281942263
721,0.24171958844867059
722,0.23432615212543012
723,0.23555268291760106
724,0.24197045344049534
725,0.26037186610469654
726,0.2887782563856498
727,0.2591378870907731
728,0.2391758669724929
729,0.23589598444131302
730,0.21751175735299025
731,0.17172685491723172
732,0.20430066193333205
733,0.2067111183226034
734,0.17548608860064857
735,0.19117214610989322
736,0.1987409743889434
737,0.26189577910849055
738,0.22549283445619542
739,0.31552321488962626
740,0.2459943039930553
741,0.24525457257487385
742,0.26675488964813093
743,0.22692217554342511
744,0.24205217888284397
745,0.2376004997395278
746,0.30320843437572637
747,0.2602738092403401
748,0.25653763771143223
749,0.24437988484512194
750,0.2081324303634489
751,0.25224418203112464
752,0.2610065707629367
753,0.24454111492975522
754,0.23880311422331926
755,0.285824011476136
756,0.30537371443795197
757,0.3016067933696989
758,0.28155323006399124
759,0.274725033581791
760,0.29270804751396823
761,0.2815082452967257
762,0.3101222291344138
763,0.2336613129186319
764,0.30593824181417506
765,0.2837313907665867
766,0.25315166926951155
767,0.2657986131406495
768,0.23545483105017365
769,0.24223352077402824
770,0.2319434044877244
771,0.21518746800619523
772,0.24899959313788228
773,0.24587341207863098
774,0.25122420775240106
775,0.24745302797343752
776,0.22381363627870804
777,0.21692146869602666
778,0.273626045045593
779,0.2725854806341509
780,0.2775986121997559
781,0.2656009619349695
782,0.26580216642075183
783,0.3093646288172574
784,0.29607833369082304
785,0.28999062530664454
786,0.24485059196018738
787,0.23070464221212508
788,0.2562096426250832
789,0.27733922275230144
790,0.33368536197156706
791,0.3310533722343908
792,0.29214840589788527
793,0.29615739417309495
794,0.3354963048420711
795,0.3331341593957267
796,0.32754884723521693
797,0.24954816491980078
798,0.24340895105721932
799,0.2301614345165145
800,0.25046412536458523
801,0.2667522246880544
802,0.29361847304167016
803,0.29057522529882923
804,0.3011750698372919
805,0.309402689913736
806,0.3326877785828986
807,0.3065186393693162
808,0.3232271703110213
809,0.28566100475145145
810,0.2649779421016807
811,0.243702643324121
812,0.2627010753777869
813,0.27306837099807335
814,0.2882888945500482
815,0.2718921468542259
816,0.3156427622653697
817,0.3075989561019006
818,0.321318512237709
819,0.3050908186759758
820,0.33252158234717216
821,0.33652665357321954
822,0.27734602181711226
823,0.3023323799997813
824,0.25315652086349716
825,0.2408975678465861
826,0.23282916205164086
827,0.27762304100045787
828,0.26876116042578657
829,0.24786121102516753
830,0.23324144504195027
831,0.23955586294648987
832,0.23822225542508796
833,0.23168046176016804
834,0.22475112140103384
835,0.19771074523933685
836,0.2516089990467171
837,0.22862552919237597
838,0.1956767486270381
839,0.18782587873988266
840,0.217947478325512
841,0.1954498853589801
842,0.17279519641254898
843,0.1813331476732957
844,0.21362269228122702
845,0.20241315270985843
846,0.17171704923079614
847,0.22225675293550506
848,0.16435383287150102
849,0.1717602694166536
850,0.2209917510529977
851,0.1852626313062206
852,0.17887639614423248
853,0.19652441092832126
854,0.20235626606206977
855,0.23732351472233712
856,0.2369411954498116
857,0.21671004852995093
858,0.22490801238400418
859,0.22285526357713933
860,0.22762924411759103
861,0.2639788895683545
862,0.2711200942535774
863,0.26047579954768346
864,0.2669649773341682
865,0.258103096759497
866,0.25435460833177354
867,0.2704240955135759
868,0.2660917587490738
869,0.3071521311290598
870,0.36959658732357764
871,0.3420441459163957
872,0.30194138252392955
873,0.27620439391968893
874,0.2965946697056612
875,0.277686555882283
876,0.32736363250989436
877,0.33979878038725336
878,0.31155608015408115
879,0.33238156944468716
880,0.3439207219703244
881,0.3669720458081538
882,0.30668265399556793
883,0.3425792220671573
884,0.33015162491001493
885,0.3200201641880897
886,0.28383550709899064
887,0.30546121396046627
888,0.3012566756980987
889,0.2825358949016426
890,0.2649813587171635
891,0.26391537468652915
892,0.30541883586983676
893,0.3159229126763165
894,0.2658225123659517
895,0.2972361081110632
896,0.3000206979641178
897,0.3023236676303001
898,0.3142654903980975
899,0.34076482841501543
900,0.33293527820847285
901,0.3612845768447084
902,0.330915135971957
903,0.33238308481414236
904,0.3463785668163422
905,0.33555305482524056
906,0.31382297036076523
907,0.31299372361693434
908,0.344950592375305
909,0.3377352129679511
910,0.3236850992841812
911,0.3071432479288043
912,0.32408694451419107
913,0.32282564965948235
914,0.32033712360642946
915,0.3115581984556805
916,0.3498550072362475
917,0.33779220211420424
918,0.34595005490248915
919,0.3659651350592175
920,0.3364835700519815
921,0.3405205404079953
922,0.3089789612615588
923,0.2667647978330309
924,0.292074184950956
925,0.2737015522477629
926,0.3029458333097181
927,0.3025980560197239
928,0.3085633641542309
929,0.29924686872341816
930,0.33024401019267025
931,0.3225640394119646
932,0.32179919586998446
933,0.3117967123825348
934,0.3254041291688766
935,0.3309807520723039
936,0.3289963647168154
937,0.29667709555418376
938,0.33991351033516604
939,0.3539695005975661
940,0.34734386318869803
941,0.2739088724752592
942,0.2935787036374506
943,0.3304341106781332
944,0.27642531227680717
945,0.3184818672331135
946,0.34120492265535524
947,0.3372621825543572
948,0.3323035801718576
949,0.3381847029008682
950,0.335520186984296
951,0.3291193970403512
952,0.36084130515196955
953,0.34433809571770346
954,0.3393914856555488
955,0.35613676229677144
956,0.3400094488979228
957,0.3240764042554263
958,0.347538746935837
959,0.3352643508169437
960,0.3293148957782769
961,0.3319691276822462
962,0.34230985610249315
963,0.37642255195195795
964,0.34281859014788235
965,0.3510113949125564
966,0.37290393944323896
967,0.4247764648477887
968,0.41451226861435636
969,0.4077343868195749
970,0.3602063613306459
971,0.3771928510249544
972,0.38628009155687115
973,0.4046656852913871
974,0.4107299727764307
975,0.4290032281938718
976,0.4111739619584208
977,0.4030456970602168
978,0.4148129649429978
979,0.37717211216897395
980,0.36606640354212755
981,0.33859920669124177
982,0.3589864929386666
983,0.35347303220176
984,0.3829423998917227
985,0.37764920835499255
986,0.38309061267136646
987,0.3452668343043934
988,0.34333685655046825
989,0.3452219399769493
990,0.32053996806764307
991,0.32790950516558154
992,0.30912392825649426
993,0.3035944094268187
994,0.29418643411645384
995,0.3185159992217862
996,0.3113821744260066
997,0.27864167074050034
998,0.2749426719880453
999,0.28942703749967913
1000,0.3345706070431609
1001,0.31246650568178336
1002,0.3117517155566264
1003,0.2652014912527203
1004,0.3031702366146287
1005,0.2902451802431906
1006,0.3098603113915024
1007,0.28149633839176813
1008,0.30373298735080073
1009,0.3163450817440142
1010,0.34356317316004914
1011,0.3509112197466007
1012,0.3014486724051546
1013,0.32512018028542233
1014,0.33129188616124544
1015,0.3026137041186352
1016,0.27155448274606064
1017,0.2965034973215026
1018,0.2819660034391114
1019,0.2902136448822845
1020,0.28464565496227234
1021,0.28320271574542105
1022,0.2734434952803468
1023,0.2711655010733438
1024,0.34005772567469505
1025,0.3514348844016496
1026,0.34343911585186876
1027,0.3594737364726687
1028,0.385198869421184
1029,0.3207737328989766
1030,0.326925656571154
1031,0.3195581011101957
1032,0.30209536938373943
1033,0.32616125718918665
1034,0.3613591957268525
1035,0.36280216910985924
1036,0.3990699353705772
1037,0.39670558620724694
1038,0.40205727020104226
1039,0.3932326990674434
1040,0.3387982245431149
1041,0.3602660837692853
1042,0.4017264051576878
1043,0.4027282593157095
1044,0.40646853078319706
1045,0.36283838523397693
1046,0.3515610258452748
1047,0.3650759267136637
1048,0.38164634097447653
1049,0.32884872070316074
1050,0.33581056513417906
1051,0.32944008056956675
1052,0.3194726857231257
1053,0.35249342021053137
1054,0.374331333059644
1055,0.34222433821695847
1056,0.3421244022140867
1057,0.39559149623061457
1058,0.40139967421906764
1059,0.38869102627231017
1060,0.4024937428289702
1061,0.36245227351826553
1062,0.38456354977215695
1063,0.40214610220359526
1064,0.42712911210309074
1065,0.41334368362077406
1066,0.4153547205770281
1067,0.3764930940079221
1068,0.37616291228766413
1069,0.36149124791526305
1070,0.3533540998168037
1071,0.42169922178089403
1072,0.3792153165599992
1073,0.3607506965093661
1074,0.3893485197558206
1075,0.3716274235665547
1076,0.33997210529069577
1077,0.3529196429920108
1078,0.37600383467078496
1079,0.36188210872649546
1080,0.38910853668430834
1081,0.37686038017232304
1082,0.39352922712519567
1083,0.4181131964340385
1084,0.39043486681473205
1085,0.4250566704746266
1086,0.39174567144244693
1087,0.43193113099801356
1088,0.4344346218268817
1089,0.4684707061034661
1090,0.48143488272218204
1091,0.47754346018573557
1092,0.473189462079073
1093,0.4641062873195809
1094,0.42083099145440434
1095,0.4104473161775387
1096,0.40859183772421614
1097,0.41852689430511275
1098,0.3903465473045017
1099,0.3810134129562878
1100,0.37748633829492734
1101,0.3860960213977354
1102,0.3883464947670245
1103,0.39893890816681193
1104,0.35192035129560095
1105,0.35676569287484555
1106,0.36601399266062146
1107,0.3584514167879049
1108,0.38361588313569245
1109,0.4088123631705535
1110,0.42167889291877114
1111,0.3995120966632843
1112,0.3880070198526534
1113,0.35885932651039654
1114,0.4004821421311612
1115,0.3778255398800598
1116,0.3467103543458769
1117,0.36047084153516945
1118,0.35119947959488473
1119,0.3595701191954387
1120,0.39344753584900183
1121,0.3747439577115016
1122,0.34163240958456326
1123,0.35293259196469046
1124,0.3684177866497015
1125,0.3353100992982585
1126,0.3385764520321262
1127,0.3342725073422865
1128,0.3616607803755196
1129,0.37455173892443916
1130,0.3476566372530712
1131,0.29926518178240585
1132,0.3343858023116961
1133,0.35709659208435496
1134,0.330092244132924
1135,0.3602863272160209
1136,0.37120034663120444
1137,0.3921474453254862
1138,0.36785650505818673
1139,0.3387393220921915
1140,0.3628422460094724
1141,0.3687100439381001
1142,0.36574261089282245
1143,0.3330964057946417
1144,0.3507415506217248
1145,0.34552400295178376
1146,0.3807978586854776
1147,0.4035767416047087
1148,0.4033823433766119
1149,0.3995764998651348
1150,0.41895250209580515
1151,0.3737447001812467
1152,0.37727789058432143
1153,0.3653909386611777
1154,0.4262905038328373
1155,0.4106991549047758
1156,0.43657338895296033
1157,0.43866036018832016
1158,0.43538690089424814
1159,0.42818129300717456
1160,0.39216657837219
1161,0.3827093867157956
1162,0.3696810802244671
1163,0.36344244285133614
1164,0.36657008099660227
1165,0.3723361662823071
1166,0.3447400605292549
1167,0.3608599598725059
1168,0.3542246534418216
1169,0.34791313966044246
1170,0.3517182584897933
1171,0.3537108969716726
1172,0.31225508551570746
1173,0.3036700191274528
1174,0.31324600650418427
1175,0.32295267942313305
1176,0.3331387034943187
1177,0.34444824740086905
1178,0.38110579823894253
1179,0.295265298787458
1180,0.28873845281527516
1181,0.32461168540311713
1182,0.3207484157782489
1183,0.3566959597528415
1184,0.3403846274440894
1185,0.3260151627111421
1186,0.3346350785773213
1187,0.3201825559219872
1188,0.3414146345136896
1189,0.34708011755650303
1190,0.29892273441256473
1191,0.3514120614102246
1192,0.2934604545755908
1193,0.30295878228239814
1194,0.2895873792642869
1195,0.3016165648899795
1196,0.3040724280990173
1197,0.3274232524500691
1198,0.3345927808776443
1199,0.3670923106731485
1200,0.30782499938224267
1201,0.3114175022300986
1202,0.284379158954614
1203,0.27828039781934893
1204,0.25533478406455723
1205,0.27609290975648515
1206,0.25226239259164795
1207,0.29136880257701964
1208,0.2930359742680075
1209,0.27319432151318596
1210,0.2675730323916424
1211,0.26913434025189564
1212,0.2721233150577924
1213,0.29972895316804155
1214,0.29567592471925846
1215,0.3034618789122408
1216,0.31256254674300465
1217,0.3142311534124952
1218,0.3021708765859093
1219,0.2955479724694276
1220,0.3268323829684735
1221,0.309685722340331
1222,0.3187460399422434
1223,0.3019773253188086
1224,0.3357841546964971
1225,0.3393729675996318
1226,0.35011400678758203
1227,0.32098296643114327
1228,0.31114157636370776
1229,0.3337790797342604
1230,0.35729646409009874
1231,0.3155689633709412
1232,0.35179195488575726
1233,0.35760905024062045
1234,0.35444263350962435
1235,0.30122847153728827
1236,0.3398749709125199
1237,0.3255270308571142
1238,0.3436292163373316
1239,0.32249618542847597
1240,0.3324689101950703
1241,0.3188118781225968
1242,0.33893799828251636
1243,0.36294706777248475
1244,0.3667042173204571
1245,0.37541730429085235
1246,0.3747201097354317
1247,0.38262947207965264
1248,0.36213603158917734
1249,0.36673797348142717
1250,0.3315656595598821
1251,0.30915751358669
1252,0.34553568777673493
1253,0.369183074351694
1254,0.38975065539814613
1255,0.363046559615344
1256,0.4173522277359708
1257,0.4046156318745643
1258,0.40252005076818775
1259,0.39418412398093916
1260,0.3744201650621965
1261,0.39736581298314316
1262,0.38207703952223837
1263,0.33870003101413926
1264,0.3821028008029789
1265,0.4036057486701576
1266,0.3913427811300542
1267,0.4022228052211839
1268,0.4000827397812216
1269,0.3834287551056992
1270,0.4511906949730301
1271,0.3860337194144067
1272,0.377233918743058
1273,0.3804294450379673
1274,0.35719451228409205
1275,0.40147296062117366
1276,0.3955458844139193
1277,0.4022900100477307
1278,0.40296233164243644
1279,0.4004226246894509
1280,0.41083262498861145
1281,0.40703052986396304
1282,0.4158439969972427
1283,0.3947982264478179
1284,0.4314486908234254
1285,0.41589128295552474
1286,0.3833317573921426
1287,0.3916163666148397
1288,0.3926142916650562
1289,0.3535269805602334
1290,0.37713722852489456
1291,0.34759867437140535
1292,0.3193354744453362
1293,0.3427219340958738
1294,0.3892795382892225
1295,0.37646808438258766
1296,0.3203244821291428
1297,0.3238170148079723
1298,0.34138764325137544
1299,0.3639634425463086
1300,0.38214687514270695
1301,0.38310550911487135
1302,0.39027934247795487
1303,0.33895368054758246
1304,0.31504140377424156
1305,0.33671097997851684
1306,0.32185570669006996
1307,0.30885473312260414
1308,0.30880884797667013
1309,0.32650595952524636
1310,0.29899960826092764
1311,0.28087029485377696
1312,0.3117958240625093
1313,0.30099129009047204
1314,0.2611474719854474
1315,0.2796235718641026
1316,0.32810329559576606
1317,0.3266285476887694
1318,0.31409790540866617
1319,0.32485956085639434
1320,0.32989609623805616
1321,0.3453558029715655
1322,0.36205444281144816
1323,0.36498442975103423
1324,0.3087391148546661
1325,0.32158999650397246
1326,0.2885391616341633
1327,0.2760369455948769
1328,0.3149967144437268
1329,0.3650963118494532
1330,0.39538163062458365
1331,0.3998678688335084
1332,0.3831019558347694
1333,0.3560315988722108
1334,0.42278085391043924
1335,0.3686288993203837
1336,0.3388718184406145
1337,0.3392191515705963
1338,0.2922629187902259
1339,0.30566801566631885
1340,0.31642730259560786
1341,0.3133832519481284
1342,0.31638365533281515
1343,0.31727142869986646
1344,0.29111354723429955
1345,0.29685906449479793
1346,0.351190493896165
1347,0.36457368423769176
1348,0.333595607482834
1349,0.3713942053936987
1350,0.3389023629830307
1351,0.3322280729696878
1352,0.27401557337678706
1353,0.3186190101785929
1354,0.3377322063463262
1355,0.2904628186494451
1356,0.3121293882320953
1357,0.34306660226577895
1358,0.30715527441530394
1359,0.34077682073536003
1360,0.3320348633641353
1361,0.3330907342129403
1362,0.3169246361990405
1363,0.3588773662401457
1364,0.3728744882177773
1365,0.34669702954549403
1366,0.33298847491154
1367,0.3280511922096531
1368,0.3282173080544272
1369,0.3672771495707681
1370,0.3933911275273809
1371,0.4162712447633672
1372,0.38966395878027016
1373,0.3806123364647615
1374,0.3765274822427563
1375,0.371485736522483
1376,0.40909365312325247
1377,0.4533704956510573
1378,0.47883962160144616
1379,0.43426895014212075
1380,0.42146448321414803
1381,0.4508344444766383
1382,0.43283434746704713
1383,0.4394240079148811
1384,0.4100302499255531
1385,0.397165599315851
1386,0.3940093982651485
1387,0.4189316607413602
1388,0.4239622512120823
1389,0.4194645502582129
1390,0.3940604766666164
1391,0.39761731004883216
1392,0.35920959792969354
1393,0.36126117302865135
1394,0.36338856282517235
1395,0.38302463782639345
1396,0.37926583121991225
1397,0.38010052746543793
1398,0.3547150060959133
1399,0.3771114672441542
1400,0.3969280762074866
1401,0.37504465404014314
1402,0.3626401532036647
1403,0.3714176433759109
1404,0.3898809309465053
1405,0.37053509743054835
1406,0.4053838920320267
1407,0.36014575057198095
1408,0.36827536804796157
1409,0.3784713485386187
1410,0.4017879725686878
1411,0.39484730612922836
1412,0.37178385330643476
1413,0.4173309080553579
1414,0.36631668770932013
1415,0.3972624261986337
1416,0.3974151830768696
1417,0.3682993325909127
1418,0.3862814582030644
1419,0.3665192759243731
1420,0.40681808471324243
1421,0.44889172274696254
1422,0.4353140586521547
1423,0.43908808628061186
1424,0.4037724795057184
1425,0.37682587235594683
1426,0.3997092182935645
1427,0.3832759640613083
1428,0.35790776493228155
1429,0.43172080414889247
1430,0.41113398755727204
1431,0.4179007653517344
1432,0.4106551830635121
1433,0.3958847785036584
1434,0.3841691698469771
1435,0.43618327979713434
1436,0.4356760490625575
1437,0.4342103210204358
1438,0.4325451651325826
1439,0.4018919060116747
1440,0.41016612872330394
1441,0.3914816494663528
1442,0.39633324345193094
1443,0.3985877996767219
1444,0.40354118542684475
1445,0.4011279507897204
1446,0.46690760452008423
1447,0.40600663853607694
1448,0.37425032510654666
1449,0.3559688698119464
1450,0.37489763707591817
1451,0.41905336058485754
1452,0.4203480870220651
1453,0.4107057831388126
1454,0.430149058528339
1455,0.3978154054145247
1456,0.3860579603012569
1457,0.36904938218785205
1458,0.4108230755483372
1459,0.43532516265247373
1460,0.4631480633412742
1461,0.42537642252656854
1462,0.42531246348473056
1463,0.39724964805672786
1464,0.36164113483649346
1465,0.3702619390226983
1466,0.4384542699423973
1467,0.42910381335368575
1468,0.4197955519661866
1469,0.39100086333561296
1470,0.403074259965653
1471,0.42989274403481925
1472,0.3851779597344292
1473,0.3745013096799133
1474,0.3959330552804302
1475,0.38553171610151843
1476,0.41942508834938624
1477,0.4154282632252954
1478,0.42032932980306453
1479,0.40967693771847663
1480,0.42629938703309256
1481,0.47115254426053615
1482,0.46473626298003773
1483,0.44504693701185644
1484,0.4460414112804354
1485,0.4462421716062049
1486,0.4475462254036806
1487,0.44182865605783156
1488,0.429503745279025
1489,0.42588911984591776
1490,0.41280454672202227
1491,0.4075712092641162
1492,0.4072120546445641
1493,0.39440336819647037
1494,0.39912390081212834
1495,0.4523409327414699
1496,0.448328835346171
1497,0.4428074822274995
1498,0.42264128516796673
1499,0.41643548146962556
1500,0.4435764257080587
1501,0.42764297107170424
1502,0.4389486200366043
1503,0.39044023090103996
1504,0.4258166875976825
1505,0.36822625118573554
1506,0.37858983676356234
1507,0.38067462136501296
1508,0.355716723589316
1509,0.3713856638549917
1510,0.38331259017928415
1511,0.36643722590355343
1512,0.4028230020630478
1513,0.3881697190819443
1514,0.3992735827364298
1515,0.42764119443165327
1516,0.40914415070008847
1517,0.4211449100849643
1518,0.45064502731427186
1519,0.4379936418430064
1520,0.4263414887269342
1521,0.41220424235725966
1522,0.4295184367256009
1523,0.40884728098078776
1524,0.40279300417910857
1525,0.4097545290560909
1526,0.43276779179744224
1527,0.4191209754052624
1528,0.44753491640643234
1529,0.4520012869963247
1530,0.44985452499001594
1531,0.4652957478337631
1532,0.43219768126956526
1533,0.46627689730195937
1534,0.42247494724318657
1535,0.4465998570810993
1536,0.49126223049998347
1537,0.4947591022804759
1538,0.4741949378495064
1539,0.4249152015439023
1540,0.42599790488289013
1541,0.39166969998252604
1542,0.40894649949440837
1543,0.43854265778493784
1544,0.40776206140498583
1545,0.3843213800667362
1546,0.40613985237375155
1547,0.43727458094849586
1548,0.4347478913004996
1549,0.4444590058195761
1550,0.4654422181395111
1551,0.4233560411269688
1552,0.4296200639531371
1553,0.37344745463424317
1554,0.3797647424957882
1555,0.38936481701167347
1556,0.3671898208790278
1557,0.3884449616252389
1558,0.3686909450575514
1559,0.36766715622812995
1560,0.3446526976713598
1561,0.35895242928230314
1562,0.39161537579634964
1563,0.40585336916551845
1564,0.41328905193920384
1565,0.4242611367345178
1566,0.39969297228694384
1567,0.4392805442307583
1568,0.40963694623425034
1569,0.4018267169882626
1570,0.41711760875076676
1571,0.4062314860010001
1572,0.39878780834708505
1573,0.39657517399426834
1574,0.36129479252500213
1575,0.3667863869228184
1576,0.3997288467495132
1577,0.41915978815714694
1578,0.40288193868012634
1579,0.40674127919718894
1580,0.4091026046558177
1581,0.41623338866381776
1582,0.3877187600043694
1583,0.4126977724637504
1584,0.45475113288458013
1585,0.460866362106472
1586,0.4761401537084848
1587,0.46515983486985757
1588,0.4417194781100788
1589,0.4653243961545866
1590,0.44057246904327013
1591,0.42422526227194834
1592,0.41611657458046086
1593,0.43341882787769
1594,0.4263763633799202
1595,0.46943046755873985
1596,0.4672855846909466
1597,0.4962950076046145
1598,0.47184413556656524
1599,0.4639391002653644
1600,0.47828056080999554
1601,0.4812593711848306
1602,0.48313118106016095
1603,0.4480725550188061
1604,0.44623151176589876
1605,0.4657292480062209
1606,0.4374429175933335
1607,0.44085073529126684
1608,0.45434347940824976
1609,0.4612476734774303
1610,0.507279345990869
1611,0.4706827704209632
1612,0.446145583886506
1613,0.4565813283833298
1614,0.4675202378423056
1615,0.4911661211064522
1616,0.45385032512946194
1617,0.45646806758007497
1618,0.4573323004664495
1619,0.4852123377554343
1620,0.46158359511169944
1621,0.4753424764917149
1622,0.4522027989775002
1623,0.45442670816141056
1624,0.4704183236421514
1625,0.45509853937130584
1626,0.4325804758535976
1627,0.45076971669631677
1628,0.44421102786783423
1629,0.42889772310776325
1630,0.4516471548015323
1631,0.4988284963174217
1632,0.4635128895425275
1633,0.46976222092211994
1634,0.45815210026847036
1635,0.4746425707514203
1636,0.4828462865781277
1637,0.4451185834385309
1638,0.4841035206848461
1639,0.4522136155801639
1640,0.441393720906871
1641,0.40299776194499315
1642,0.41992391420987557
1643,0.39225940781485763
1644,0.4041070686599491
1645,0.42280721812332356
1646,0.410980444857475
1647,0.4374553540736907
1648,0.47499012093697374
1649,0.47917321993718714
1650,0.45877707259701883
1651,0.5107294563640447
1652,0.4770471626207041
1653,0.48660220614452615
1654,0.5279527737849783
1655,0.49415415634309107
1656,0.49177759277940913
1657,0.4781214148608065
1658,0.47066266993261235
1659,0.44631204139282815
1660,0.4750185471777907
1661,0.5154172236372224
1662,0.5043587326363486
1663,0.46913660446106414
1664,0.5199252086036948
1665,0.46977434990708383
1666,0.48413257397509274
1667,0.48193042863180774
1668,0.5118343898111825
1669,0.494138303247251
1670,0.49218731330810667
1671,0.4738102952784528
1672,0.46080973170484485
1673,0.446357004052582
1674,0.466564935070237
1675,0.4402233934393922
1676,0.4428004781657597
1677,0.427259216820676
1678,0.43922177844445415
1679,0.44182469278387154
1680,0.47703093369716065
1681,0.45816889293356833
1682,0.4561260643702465
1683,0.44897389234932383
1684,0.42900210071076267
1685,0.4239866458466295
1686,0.4163202219463131
1687,0.4331805752214314
1688,0.44752326574763607
1689,0.4441026528247198
1690,0.434805051277527
1691,0.4519909346514119
1692,0.46877471654912595
1693,0.4638202482713604
1694,0.46002000113373337
1695,0.4500017811173249
1696,0.49770149153426474
1697,0.4931126011131592
1698,0.4725743004613946
1699,0.46333922297753677
1700,0.47811922822689756
1701,0.49249255373534023
1702,0.48095337910219127
1703,0.4352890148606658
1704,0.4414403577082113
1705,0.43988846262361303
1706,0.42483335149557727
1707,0.4223010585981894
1708,0.4543289929586025
1709,0.42727001332560177
1710,0.41722946874167377
1711,0.4433185596691549
1712,0.4291670207401179
1713,0.420569039545338
1714,0.4063217871482108
1715,0.41052082465965123
1716,0.38354854164452634
1717,0.39423680819168394
1718,0.42592621889540494
1719,0.42037251582276736
1720,0.41769677632433405
1721,0.424501871461436
1722,0.45403184991006346
1723,0.5036800561368445
1724,0.47744174754281316
1725,0.4989279881602809
1726,0.4460400788003973
1727,0.4336520118843913
1728,0.4663965130100122
1729,0.49610589793764154
1730,0.5329684115385283
1731,0.46873723627727953
1732,0.4555890749148144
1733,0.4575199751549199
1734,0.4379018715511381
1735,0.46658593017237876
1736,0.4797586228340102
1737,0.4442714336295704
1738,0.4385533176252442
1739,0.4281445643907346
1740,0.4850844088824463
1741,0.4886838816258872
1742,0.4718533262622136
1743,0.4600485781075866
1744,0.45467478861161686
1745,0.44865587378018473
1746,0.4294194402919871
1747,0.43885579059393665
1748,0.4432969465615656
1749,0.4284891983944845
1750,0.42902618784991636
1751,0.40031165301856925
1752,0.4363034642711765
1753,0.4595631966290222
1754,0.43276249604344363
1755,0.4619633519226129
1756,0.4494334612979156
1757,0.4673895181339338
1758,0.4917241569132582
1759,0.5048175499295339
1760,0.47946978216109415
1761,0.4990376956834331
1762,0.5299658898522425
1763,0.5048806206513464
1764,0.47138473744874737
1765,0.4920004244411974
1766,0.5257277150104466
1767,0.48405983423146387
1768,0.5343107655955662
1769,0.5261219442025904
1770,0.51467967885295
1771,0.4761989878270986
1772,0.4895892163965202
1773,0.4509917112873118
1774,0.4728281549917668
1775,0.4709014913548601
1776,0.47947688872129834
1777,0.4839773400506315
1778,0.46109323039896466
1779,0.47997667927321797
1780,0.4957381334470729
1781,0.4869382986095692
1782,0.4539835932310294
1783,0.45012491593932513
1784,0.4759557449024613
1785,0.5061353726874055
1786,0.5342453715752254
1787,0.49603264570169014
1788,0.5037747988841829
1789,0.50560104819205
1790,0.5213296425640553
1791,0.5053556497849978
1792,0.5238207531862327
1793,0.5326019561511551
1794,0.5109114253046586
1795,0.49527091127979966
1796,0.5162548270205695
1797,0.5017543149861187
1798,0.49375321651618437
1799,0.4917174945130665
1800,0.47663248799955654
1801,0.47095313349788254
1802,0.4479532126399918
1803,0.4847558671376202
1804,0.4399777387861787
1805,0.45437931970466433
1806,0.4492045822267226
1807,0.4697213582009457
1808,0.48984659004083936
1809,0.47244805651930505
1810,0.45484282855037317
1811,0.4406374530697529
1812,0.439144494602233
1813,0.4581724462136706
1814,0.41098497187298955
1815,0.46129444694338995
1816,0.47897081963598587
1817,0.4688450304957619
1818,0.4591248106964241
1819,0.48148749860061724
1820,0.44620619464517086
1821,0.48323279622905396
1822,0.46311492217109085
1823,0.4423455558142246
1824,0.4582638065116805
1825,0.46311205221408536
1826,0.4670142029231478
1827,0.42292377093608474
1828,0.4332158125857019
1829,0.4380323520964265
1830,0.4196246870258916
1831,0.44307442239517075
1832,0.4540966972719269
1833,0.49591846241225485
1834,0.4856618168990397
1835,0.46430038524515854
1836,0.42978337817321494
1837,0.43199707167683166
1838,0.44160568773142383
1839,0.4169967168363424
1840,0.45650329288570246
1841,0.4589355131155993
1842,0.4267008222692445
1843,0.45405139295062485
1844,0.4182124631822306
1845,0.4433496991046201
1846,0.42131149018748915
1847,0.4019229972125683
1848,0.4171376984498056
1849,0.424864442696471
1850,0.42252180612453333
1851,0.45420240735496475
1852,0.42368017543782227
1853,0.3950989227764593
1854,0.4182033408188916
1855,0.43032050429326624
1856,0.432874116871267
1857,0.45300727525908097
1858,0.43303301159872915
1859,0.42839114153012836
1860,0.4184448613673706
1861,0.43152214504164493
1862,0.456855819271218
1863,0.4383064671566115
1864,0.4638003977354055
1865,0.46112433365850125
1866,0.44772447023341827
1867,0.41901405242372786
1868,0.42349273991243586
1869,0.42001952819416155
1870,0.4067290698212725
1871,0.4119818036062518
1872,0.42592318350228114
1873,0.45468855757201265
1874,0.458643563322594
1875,0.4738851874898356
1876,0.48109585196782384
1877,0.46998621423317233
1878,0.4551136187042278
1879,0.453424068181828
1880,0.4909788564118401
1881,0.5121866087013047
1882,0.5186856946726893
1883,0.4992398568215508
1884,0.4862134636348931
1885,0.4747277590340497
1886,0.48880824642946147
1887,0.4678106843244987
1888,0.4601674763263877
1889,0.47219929274600225
1890,0.4499916337693409
1891,0.45488596961460886
1892,0.4336631158847103
1893,0.4657097049656594
1894,0.4285748187784833
1895,0.45980859503607424
1896,0.43479616807727145
1897,0.43366133924465894
1898,0.47334481558507585
1899,0.46110390229791426
1900,0.44346364323097126
1901,0.41248478065455235
1902,0.4277255848340785
1903,0.4063085477632148
1904,0.41431519823330853
1905,0.4163053425858855
1906,0.4200815910144069
1907,0.41710776889817636
1908,0.4309217602859295
1909,0.4386468524985202
1910,0.4419153014264752
1911,0.4516755810423491
1912,0.4235278285534439
1913,0.42040760446377556
1914,0.4432201068793573
1915,0.4400083858270593
1916,0.429187759596098
1917,0.4347224375151528
1918,0.43323361315236697
1919,0.424975038539649
1920,0.38648532764892307
1921,0.37529374239191676
1922,0.3596818254386489
1923,0.3686856151373983
1924,0.3912218500250404
1925,0.38630957694848794
1926,0.4131566922554001
1927,0.4215737073866985
1928,0.41804573234666986
1929,0.41044465121746215
1930,0.4313152860572386
1931,0.46813905523855054
1932,0.45523518188310585
1933,0.504897737894915
1934,0.44951341010021345
1935,0.4523987760415937
1936,0.42894856234614737
1937,0.43047271451302493
1938,0.4459903328789675
1939,0.4763411190311829
1940,0.42572963223518057
1941,0.4295578473851952
1942,0.4528652465534608
1943,0.42887951254723994
1944,0.38951538725600043
1945,0.43238270506637566
1946,0.46652074114896697
1947,0.4551355875417823
1948,0.4237197056789582
1949,0.4053607957113631
1950,0.4396841490177418
1951,0.45789658867958904
1952,0.4505622085549689
1953,0.4919990919611592
1954,0.49063507656196026
1955,0.47379030807787853
1956,0.4338520205547543
1957,0.44338188362246794
1958,0.41942539584477984
1959,0.4311524159971735
1960,0.4200079971169072
1961,0.43472412873981686
1962,0.4665132929272143
1963,0.44031840951596896
1964,0.46146246403419106
1965,0.4557121072383504
1966,0.4391782507632032
1967,0.3931450628803095
1968,0.41209759270496393
1969,0.4327099484973181
1970,0.46616274817867887
1971,0.4503039124244689
1972,0.4494352379379668
1973,0.4697804314826433
1974,0.44782845492563733
1975,0.43706784154563133
1976,0.4449275604668876
1977,0.3994276127534878
1978,0.42640357672224055
1979,0.41339280048299976
1980,0.4195347496477413
1981,0.4205707478530794
1982,0.419480198357124
1983,0.4618196149092511
1984,0.48364177716098816
1985,0.47403608532729463
1986,0.48139654829646517
1987,0.4757455004540663
1988,0.44298885627506474
1989,0.4462221844056306
1990,0.42576342256230565
1991,0.4069556034864252
1992,0.42742369269001823
1993,0.4490084001657002
1994,0.4688975780418876
1995,0.4651802662304446
1996,0.47473858970512983
1997,0.4482778936093225
1998,0.46780391942584254
1999,0.4732645592873851
2000,0.49139882678698593
2001,0.46904059756599753
2002,0.48094713748516943
2003,0.45753996235549427
2004,0.4564694000601132
2005,0.44978134108637435
2006,0.4587750346863721
2007,0.4603300388910596
2008,0.4412807213742121
2009,0.43165418014697793
2010,0.44770653300213353
2011,0.4489893012851514
2012,0.4204489113449626
2013,0.43206181654023074
2014,0.4203988579281398
2015,0.43795458992803765
2016,0.4461967647864383
2017,0.4496676702892618
2018,0.46230210934773247
2019,0.4564095751230093
2020,0.4585125361188285
2021,0.422825611573264
2022,0.39754282783130696
2023,0.4197255113487892
2024,0.4439926378061736
2025,0.4213920851320675
2026,0.4355287246029389
2027,0.4411312565054821
2028,0.4609821682882619
2029,0.47359354519222396
2030,0.47476759677057895
2031,0.4659397798522713
2032,0.47117020816258237
2033,0.5035930007743431
2034,0.4974668383829057
2035,0.5630362677626131
2036,0.47619276958691986
2037,0.46951694209660977
2038,0.4970142393298988
2039,0.5086886777700124
2040,0.5222860215700011
2041,0.5602279806665244
2042,0.528608981013248
2043,0.5245419102748307
2044,0.5106557258019256
2045,0.4756252697552265
2046,0.41666089267610323
2047,0.4524800914900845
2048,0.45522185708272317
2049,0.4438712454580698
2050,0.46159572409666333
2051,0.4488234075203839
2052,0.47860792884691467
2053,0.46877864565693117
2054,0.5070192511128059
2055,0.47525958940010254
2056,0.43672737581277027
2057,0.43911562420140354
2058,0.43773628528176434
2059,0.4640990953439894
2060,0.49723384229005624
2061,0.4861559619963173
2062,0.45150782522214356
2063,0.463127495316068
2064,0.4638942179965633
2065,0.41437293903496775
2066,0.38310185333630503
2067,0.38598867133926573
2068,0.4197298675335298
2069,0.42693017966660485
2070,0.4360645865752615
2071,0.4679433856698507
2072,0.4472966074765072
2073,0.45985700847746575
2074,0.4800249821770494
2075,0.44140359492561626
2076,0.43871365938985185
2077,0.39763299231389815
2078,0.4033269870129158
2079,0.39677429434460576
2080,0.3852870181006402
2081,0.40316497110672145
2082,0.43186842404526143
2083,0.44628153101656676
2084,0.43696944301972684
2085,0.4674041754143547
2086,0.4501632161988871
2087,0.44827153870452446
2088,0.42680572944764367
2089,0.46227190646686456
2090,0.45094715862141593
2091,0.43327970329523025
2092,0.41002584249158014
2093,0.4475889672633705
2094,0.44623861832610273
2095,0.4431024044759747
2096,0.47712214024747407
2097,0.4708353115129582
2098,0.46727550567527265
2099,0.4931978798356097
2100,0.4670652813246159
2101,0.491877528782281
2102,0.48086355628114813
2103,0.485009926664921
2104,0.48202370223448826
2105,0.4434532908860585
2106,0.48388886679270443
2107,0.469682716279835
2108,0.45963369848950986
2109,0.4202162257621671
2110,0.3985604185182881
2111,0.4613609342806852
2112,0.44779570666623464
2113,0.43971524021863506
2114,0.4583716911699845
2115,0.44456205094253726
2116,0.49710959706802427
2117,0.5135098980439484
2118,0.49276229552770734
2119,0.49725055456420164
2120,0.49847450078724825
2121,0.5224571819470467
2122,0.49289451854689176
2123,0.5364792509825799
2124,0.5113281498950958
2125,0.48423206581795186
2126,0.5205025312049015
2127,0.4967622639380425
2128,0.491538720107929
2129,0.4859819537697782
2130,0.5041938467731484
2131,0.49543436216449677
2132,0.45090385302017144
2133,0.45727199720317796
2134,0.4504525010318159
2135,0.43076688510609423
2136,0.4477644446345671
2137,0.4650084788039692
2138,0.4532154838066026
2139,0.4608004043445768
2140,0.495959359299584
2141,0.5096913177495953
2142,0.5067500901450708
2143,0.5131336945131371
2144,0.5102622000306165
2145,0.5077984444398135
2146,0.48519989048576484
2147,0.4534382813022364
2148,0.4487211653020611
2149,0.47321471086749095
2150,0.5204177820578505
2151,0.5066505983022118
2152,0.4829666539415867
2153,0.5036138762949429
2154,0.4794007323621867
2155,0.4650322584477296
2156,0.4702186124183127
2157,0.500682830204557
2158,0.487128228264258
2159,0.48914017062361526
2160,0.4966565538550048
2161,0.494042330518339
2162,0.49753288156018816
2163,0.4743193026530807
2164,0.4380793988916247
2165,0.466030832654888
2166,0.47792543779671304
2167,0.4926541083984446
2168,0.4774821661039742
2169,0.4218933709557041
2170,0.44427700271280707
2171,0.43713637885221623
2172,0.4343071479032182
2173,0.45438833956953867
2174,0.42885563040501506
2175,0.455026768338655
2176,0.44176539742216764
2177,0.500160890940327
2178,0.4478596998742275
2179,0.5080483698623807
2180,0.4665318451492859
2181,0.4087417417285242
2182,0.40995900143409375
2183,0.41094521955184743
2184,0.4183946712859281
2185,0.43846147900106613
2186,0.44421524738795554
2187,0.4381429137734498
2188,0.46316910969264846
2189,0.45466166880816256
2190,0.45348478143895726
2191,0.44850854932056644
2192,0.4722561793937908
2193,0.4517835119254508
2194,0.43694067511736157
2195,0.43920905456644127
2196,0.4245044680892028
2197,0.44417194178671104
2198,0.43775405168227477
2199,0.4903260778576958
2200,0.5123788837620338
2201,0.5059411240287911
2202,0.5118859123726632
2203,0.4872670111851694
2204,0.47991240469689095
2205,0.4942110429908797
2206,0.49911152874401676
2207,0.4957652613740061
2208,0.4948738322283886
2209,0.513468454498142
2210,0.5097437286311017
2211,0.46369465348621286
2212,0.48397178805047203
2213,0.49746226011815875
2214,0.5334294496317777
2215,0.4939742715379217
2216,0.5229590606539581
2217,0.5123740442266909
2218,0.5039310065440565
2219,0.46765423750154084
2220,0.47079058801628815
2221,0.4766729065607179
2222,0.47055219869541043
2223,0.46644547310988105
2224,0.46661579139169834
2225,0.45410025055202907
2226,0.453753942406692
2227,0.46134860029879227
2228,0.45687303901325144
2229,0.42651716210396645
2230,0.4180482264759724
2231,0.43664260958264217
2232,0.47716103841474594
2233,0.5017712955650682
2234,0.47818793636425677
2235,0.4648216070201374
2236,0.4122670397498335
2237,0.4204790117273661
2238,0.4435995561948772
2239,0.468948519778736
2240,0.49863306591180523
2241,0.50014290245981
2242,0.48168781476637385
2243,0.5113382630769249
2244,0.5418676015542718
2245,0.4994907047302981
2246,0.49686787152261586
2247,0.44862908751479963
2248,0.4162942385855664
2249,0.4286885237417511
2250,0.45834997355415685
2251,0.42357535367480986
2252,0.4111850659587399
2253,0.4275140621695383
2254,0.4371391121446027
2255,0.4542255036756286
2256,0.4849374944166859
2257,0.46215224453401416
2258,0.4337567994812485
2259,0.4609647435492995
2260,0.49687053648269264
2261,0.46954058507575036
2262,0.4620507147805081
2263,0.43506590986963867
2264,0.3825905909954585
2265,0.40508377652801764
2266,0.42457249290346527
2267,0.427174382258238
2268,0.4191302002670657
2269,0.4004652640506762
2270,0.39908970049114545
2271,0.39047610536360944
2272,0.4089091247356873
2273,0.38347036948227986
2274,0.3934081422724851
2275,0.4111917283589316
2276,0.431028358688993
2277,0.3997701536307002
2278,0.4236143138806257
2279,0.43715479440966876
2280,0.4449563283692525
2281,0.48496653564828957
2282,0.48793926444756547
2283,0.49594559033918834
2284,0.5183142402373994
2285,0.5038867272073991
2286,0.5396636795709358
2287,0.49063326575575444
2288,0.48715255456649564
2289,0.5207318031868751
2290,0.47411632152724736
2291,0.45739082708967
2292,0.4569210766269397
2293,0.439550559352364
2294,0.4484447611095022
2295,0.44919966230042735
2296,0.47179213467891684
2297,0.48086781499185866
2298,0.4200629362938707
2299,0.4280832703089729
2300,0.42619466776854475
2301,0.41328238953901225
2302,0.43662465526828015
2303,0.4157545359354864
2304,0.44498599358273666
2305,0.44632311122699236
2306,0.4721915933025229
2307,0.4351565185122427
2308,0.4391419321406212
2309,0.41442698989190574
2310,0.4148259822479873
2311,0.41190926885955176
2312,0.3615529519908824
2313,0.4315916902497973
2314,0.41950684795788995
2315,0.37327881049401185
2316,0.3805071559571235
2317,0.37880771433290067
2318,0.3974327444804512
2319,0.40160460281572624
2320,0.44159683869732347
2321,0.4762108776489786
2322,0.4493814945764222
2323,0.472736897192221
2324,0.4391075268227091
2325,0.4506849333831109
2326,0.4368301817726477
2327,0.45951767022771384
2328,0.47694206752845314
2329,0.46373377373349095
2330,0.46456288381270205
2331,0.49474929659404016
2332,0.4883526407548296
2333,0.49806180780308057
2334,0.48189370001536763
2335,0.4450381563100657
2336,0.4463162438298721
2337,0.47850573285338954
2338,0.45050535607333475
2339,0.4588792072924424
2340,0.46277647224136464
2341,0.44207417404642557
2342,0.4285656280828348
2343,0.44370912705341065
2344,0.44758175820470175
2345,0.4383455874038897
2346,0.4597726180750404
2347,0.43854932018512904
2348,0.4877449273589039
2349,0.4829663122800385
2350,0.4525479113074181
2351,0.4496004996288696
2352,0.4783361149777458
2353,0.4000505552633736
2354,0.4216749125617339
2355,0.45944371758558866
2356,0.4714779085529635
2357,0.4536240085198811
2358,0.45627974373466257
2359,0.4734150953655571
2360,0.4317853098492076
2361,0.4700657188754572
2362,0.42265905156847716
2363,0.44053881538076434
2364,0.48083926414506534
2365,0.46668535368292824
2366,0.4550611736565669
2367,0.4587724722247598
2368,0.4445118608610951
2369,0.4541233468726928
2370,0.4436538803810538
2371,0.4371219265687244
2372,0.41419166420676246
2373,0.45442592233984974
2374,0.4183764607254051
2375,0.44296071743190296
2376,0.4208074851398826
2377,0.4000575593251132
2378,0.4379152817669082
2379,0.44140878818115
2380,0.43096716710569605
2381,0.4444238830124127
2382,0.4700196116495168
2383,0.47695255653798535
2384,0.4379107205852386
2385,0.4308262658831853
2386,0.42184184839422334
2387,0.43755476552559736
2388,0.38326173385782264
2389,0.41072013292384013
2390,0.4577263728962358
2391,0.4396818598853682
2392,0.4531978199045567
2393,0.440663624344351
2394,0.4343823134438398
2395,0.47401305432427976
2396,0.4518602491091947
2397,0.4548055766522984
2398,0.4600367103932181
2399,0.4270935451359151
2400,0.4744569922570375
2401,0.4825171640086693
2402,0.4576388733737214
2403,0.46335787769807296
2404,0.4471131693912353
2405,0.479339643277354
2406,0.4580646720929261
2407,0.43333399331525196
2408,0.433569398122017
2409,0.41600133214022594
2410,0.4161715016987814
2411,0.41742817909815344
2412,0.40343027129896075
2413,0.43499142765211374
2414,0.4084543018679559
2415,0.44619948602018183
2416,0.4142778887922363
2417,0.4132718321971708
2418,0.41575427667466464
2419,0.4359780778712373
2420,0.43307545802166836
2421,0.44093338824423023
2422,0.44431323592000227
2423,0.4293429081051722
2424,0.44216345020899156
2425,0.43678036751890864
2426,0.4075538870236185
2427,0.41161467118954725
2428,0.4056168368756441
2429,0.4126069467655746
2430,0.4325611548930421
2431,0.42111972962885585
2432,0.46754880074774186
2433,0.424759518434994
2434,0.44753095313247243
2435,0.47209286517371296
2436,0.4328136990508881
2437,0.46168127614835275
2438,0.4510417647041347
2439,0.43030895613293424
2440,0.4631970917734524
2441,0.4357111377035658
2442,0.4101159728080163
2443,0.46836923262362706
2444,0.4855420303602126
2445,0.4621698863285483
2446,0.45417842271427533
2447,0.4694016996563747
2448,0.4661724513666501
2449,0.44261939754517116
2450,0.45252686495604383
2451,0.4626756479184673
2452,0.48197351215304596
2453,0.44849672783099587
2454,0.473811456927717
2455,0.46938379659124474
2456,0.44685856320545697
2457,0.4877098045517406
2458,0.47169250617143843
2459,0.5098854156751733
2460,0.4925405230167184
2461,0.44713506989648044
2462,0.4286911887018278
2463,0.437536515774485
2464,0.4245898151439634
2465,0.4406866352496278
2466,0.46482049662010555
2467,0.44215781279344457
2468,0.43408640037687446
2469,0.42709132433585123
2470,0.4373404532950042
2471,0.4441756317314322
2472,0.43951003829273805
2473,0.48390782900863405
2474,0.4497803502678845
2475,0.48163728302338343
2476,0.4645722111729703
2477,0.4667685824360893
2478,0.46279912440201576
2479,0.4967409442574295
2480,0.4823890630355758
2481,0.466980788423726
2482,0.4803129345299399
2483,0.5017912144333326
2484,0.4834282728594679
2485,0.4819011140709653
2486,0.43612941685404794
2487,0.41135251428355213
2488,0.4163597521874493
2489,0.4262360942312738
2490,0.43991111478426426
2491,0.46380391684935274
2492,0.46717466426929755
2493,0.49215987788577975
2494,0.4854934802542021
2495,0.46237317494977503
2496,0.4802372906631505
2497,0.4583162173931868
2498,0.47761763490786746
2499,0.5054060619464463
2500,0.5009364797380004
2501,0.47648236191524224
2502,0.46803720593100856
2503,0.5069202034299596
2504,0.5152216907331416
2505,0.546901369477393
2506,0.5174970883123777
2507,0.5319059807879962
2508,0.4906498363408462
2509,0.5128949414231991
2510,0.4958401877515439
2511,0.4973985623469165
2512,0.47258622444942944
2513,0.47697049376927
2514,0.4808279209816627
2515,0.4921280008633253
2516,0.4952445691744272
2517,0.4997148347059697
2518,0.47213950197505294
2519,0.5109302166898139
2520,0.5012305136664501
2521,0.48275434545548523
2522,0.49040609499230303
2523,0.48460382774863536
2524,0.461336218082328
2525,0.4590823934152049
2526,0.48302449724171037
2527,0.48628675003699895
2528,0.49495658265538167
2529,0.5101883328038784
2530,0.5206635392095286
2531,0.45886412795952064
2532,0.49381659473339024
2533,0.4792086160735887
2534,0.48583459514400484
2535,0.4895326714102796
2536,0.5191901237825703
2537,0.5279074815223187
2538,0.5058362701093979
2539,0.5034685334723045
2540,0.48123220909174236
2541,0.4794441233788183
2542,0.4716317929143088
2543,0.4532240595114647
2544,0.4477488015600904
2545,0.4826597393727665
2546,0.46905378570176093
2547,0.463911130243203
2548,0.42978214819164123
2549,0.4675588455972613
2550,0.4524754107268732
2551,0.487300459850746
2552,0.4977119805437967
2553,0.5325199465902558
2554,0.5346822029477789
2555,0.47342930848596576
2556,0.5187283340339148
2557,0.4882234243572702
2558,0.4881842016115276
2559,0.48706336381931703
2560,0.5296594194434353
2561,0.501753836659951
2562,0.5010906032624295
2563,0.48713243070130213
2564,0.4939541818388829
2565,0.47410323588994824
2566,0.4852349791267736
2567,0.487658316156415
2568,0.5082482418681245
2569,0.5323674630412581
2570,0.5215149939539971
2571,0.5334118198958863
2572,0.5381784084882522
2573,0.5500801201902815
2574,0.5292472389515901
2575,0.5328332040052313
2576,0.5109128602831614
2577,0.4872220826915707
2578,0.5266477070615004
2579,0.5573750042399209
2580,0.5597171966518455
2581,0.5439995696155396
2582,0.5530754669840536
2583,0.5620672131132259
2584,0.5705860996595787
2585,0.5575750129102841
2586,0.552803811887016
2587,0.5143738746841618
2588,0.5034581127950818
2589,0.5026768353326299
2590,0.5091264828779787
2591,0.5035942307559167
2592,0.5009499412030025
2593,0.5035491133435794
2594,0.502060546231842
2595,0.5131818004591352
2596,0.5369584375978084
2597,0.5362662996333027
2598,0.5421690666213966
2599,0.5321988189010274
2600,0.5165346478286106
2601,0.5058124683581255
2602,0.47055722112017023
2603,0.5032284479023282
2604,0.5197790799594957
2605,0.5427360710438452
2606,0.5553854608097141
2607,0.5485684215868386
2608,0.5448393907842899
2609,0.5303587493835324
2610,0.5327410016119929
2611,0.5423247788720252
2612,0.5413203964185465
2613,0.5429517961454293
2614,0.5036556273361427
2615,0.5225235446783656
2616,0.5444148592274741
2617,0.5209521065532061
2618,0.5608683227403112
2619,0.5174364775537129
2620,0.5519220517632152
2621,0.5521432434495713
2622,0.5418370911780102
2623,0.5306250233111847
2624,0.556855313648144
2625,0.5274883653010438
2626,0.5231431137300169
2627,0.523930780263422
2628,0.5255719173444307
2629,0.5252847939703493
2630,0.5417011782141045
2631,0.5287901982984556
2632,0.5517967986396151
2633,0.5031221911608131
2634,0.5200698681032367
2635,0.5519127244029469
2636,0.5477922519645333
2637,0.5076841928180683
2638,0.515885129127592
2639,0.5048841739314486
2640,0.5247224613200193
2641,0.489647264693573
2642,0.5398224667754993
2643,0.5097530559913694
2644,0.5414081572116565
2645,0.5438609916915575
2646,0.5565605514411303
2647,0.5298811577882688
2648,0.5333312902689566
2649,0.528976233011494
2650,0.5562819264485079
2651,0.5792356717481489
2652,0.5808621857148912
2653,0.530877408696899
2654,0.5235589841665834
2655,0.5614407424982999
2656,0.5595068356365693
2657,0.5289336619825783
2658,0.5679526749439
2659,0.5334335837365117
2660,0.554946337290126
2661,0.5517967986396154
2662,0.5602557235842448
2663,0.594887870597959
2664,0.6086021993120789
2665,0.6068486555816859
2666,0.6063753176726986
2667,0.5904174000694873
2668,0.5874370863838391
2669,0.5584711911514227
2670,0.5655789009462711
2671,0.5873802339022054
2672,0.5762985782483584
2673,0.5863329045921079
2674,0.5961897035953709
2675,0.6081145116180635
2676,0.6077081052063846
2677,0.6007880922075186
2678,0.6148010331148351
2679,0.604332044949364
2680,0.59221761979181
2681,0.5920875783820999
2682,0.5910234330300612
2683,0.6159937273550838
2684,0.5972852755160859
2685,0.5806556513089558
2686,0.6103248910046623
2687,0.622174840982127
2688,0.6026168356446877
2689,0.6027748199446125
2690,0.606999225826013
2691,0.6225412729926573
2692,0.6267454525103994
2693,0.6223649414675902
2694,0.6271147886440904
2695,0.5888273072237915
2696,0.616885783550131
2697,0.598203969253256
2698,0.6159441643230712
2699,0.5976700889179138
2700,0.6089455350019455
2701,0.5742570821650748
2702,0.5529893682738873
2703,0.5596224539045077
2704,0.616621166680988
2705,0.6014680670209056
2706,0.602755276904051
2707,0.5820183342281166
2708,0.5598087961129394
2709,0.5572055963856405
2710,0.5650208771981081
2711,0.5864230349085441
2712,0.6128097271129945
2713,0.6095908995004923
2714,0.6301985916127123
2715,0.6112995830695959
2716,0.5773731038176995
2717,0.5768973059455645
2718,0.6044901659139079
2719,0.6189364703290636
2720,0.6109785578788316
2721,0.6219520947357259
2722,0.6097210383842319
2723,0.6297171221588758
2724,0.593637116002015
2725,0.5888046550631405
2726,0.6145090833218301
2727,0.6289900322179808
2728,0.6079959208946558
2729,0.6042771057724005
2730,0.6193557573811125
2731,0.5740301163985524
2732,0.578546335408339
2733,0.6031929111812432
2734,0.5984882316614253
2735,0.5794096116423783
2736,0.5480056708506663
2737,0.5445823075522865
2738,0.5426375529363987
2739,0.5581855962632152
2740,0.5585001640507168
2741,0.5240461252021215
2742,0.5409401954476204
2743,0.5700430286285876
2744,0.5768438700794131
2745,0.5926741770943421
2746,0.6094336668559734
2747,0.5804246881023184
2748,0.5725937029172727
2749,0.5628221826364609
2750,0.5664143659302804
2751,0.6005097405441344
2752,0.5951314069495728
2753,0.6058417448327492
2754,0.6162432206762803
2755,0.5907878295201325
2756,0.5938707441687289
2757,0.6034086362828268
2758,0.5796725423112914
2759,0.5850630511156149
2760,0.6073119144749991
2761,0.6003730246755903
2762,0.569155016098453
2763,0.5492020158450468
2764,0.5431068079898838
2765,0.564255042837638
2766,0.5744134264895681
2767,0.5687175526520349
2768,0.5796904916012191
2769,0.5863268230165484
2770,0.5923654858854712
2771,0.5858782214036568
2772,0.5588220775615065
2773,0.5570059072693135
2774,0.5591285479703137
2775,0.5606781539225383
2776,0.5902922494443523
2777,0.5443078166643981
2778,0.5601332379191862
2779,0.5365878714825438
2780,0.5448036359032623
2781,0.5737023263091323
2782,0.5867304278035319
2783,0.6293451893974181
2784,0.6581499399605882
2785,0.6268743272464107
2786,0.6300255058723535
2787,0.6073563304762752
2788,0.6244647471185222
2789,0.6260893598392372
2790,0.6336907142976833
2791,0.6422198848566396
2792,0.6321833377128261
2793,0.6308368495510543
2794,0.5940358008627029
2795,0.6098729411085971
2796,0.5717826667339656
2797,0.5656887571926861
2798,0.566353835562568
2799,0.5746156559599949
2800,0.577529345643728
2801,0.6017516973552104
2802,0.6061317813210846
2803,0.5981493375716863
2804,0.5752817130897243
2805,0.5777557868592852
2806,0.6259983070366205
2807,0.6072714155228848
2808,0.6053333182827536
2809,0.5870312607967924
2810,0.621084428150791
2811,0.6045653656206845
2812,0.6045458909124323
2813,0.6056651058122884
2814,0.6204907228783444
2815,0.63493200486874
2816,0.6215396921638743
2817,0.6280951864568802
2818,0.6401187346670262
2819,0.6265209467070249
2820,0.6367144189999628
2821,0.6029498189896416
2822,0.5938036760068011
2823,0.5913592242934762
2824,0.6305934498640595
2825,0.6098640579083421
2826,0.6172108061810101
2827,0.6409357157612744
2828,0.6199393836378849
2829,0.6127213392704538
2830,0.6084223145069093
2831,0.6129354243966061
2832,0.593925375850299
2833,0.6240585235962601
2834,0.5971446476228136
2835,0.6047969438181087
2836,0.5997924221235205
2837,0.6083885583459392
2838,0.5958059493443421
2839,0.6330647561750795
2840,0.6111916521864941
2841,0.6131113117616608
2842,0.6108403216163977
2843,0.5811621303881266
2844,0.5646654466894324
2845,0.5856391266521701
2846,0.5839212182212626
2847,0.6034717070046396
2848,0.5973678380292278
2849,0.597376054989464
2850,0.6001002250123658
2851,0.6194939936435468
2852,0.6167365457858421
2853,0.6073991065021201
2854,0.6030470900324372
2855,0.6132172951739372
2856,0.590279402970137
2857,0.6229670395554812
2858,0.597956708790766
2859,0.5938569752083331
2860,0.5877893052739617
2861,0.5778219104275205
2862,0.5689444842524026
2863,0.5733151554426213
2864,0.6018789491988671
2865,0.6021378944863086
2866,0.5653605571094081
2867,0.5720642641820581
2868,0.5860154668476006
2869,0.6081170740796761
2870,0.6013847357692802
2871,0.6062410446842242
2872,0.5927657765554363
2873,0.5990127846365002
2874,0.596812860093279
2875,0.5564507976931801
2876,0.539649158955134
2877,0.560978611088096
2878,0.5335582560354794
2879,0.5561753280454447
2880,0.5217052190454367
2881,0.5596122382242139
2882,0.5588513921223488
2883,0.5656542835424644
2884,0.5550611526534259
2885,0.5131576791538263
2886,0.5360034935703654
2887,0.5472944852548437
2888,0.5461484157572929
2889,0.5658651228839081
2890,0.5502515659552089
2891,0.5343221087589693
2892,0.5436410129036974
2893,0.5600524007968632
2894,0.5974810134170956
2895,0.5760769424019893
2896,0.5720273989009985
2897,0.5664710596397832
2898,0.5632176217124402
2899,0.5932902270320459
2900,0.5801041412377219
2901,0.5940472123584156
2902,0.5784241914048286
2903,0.5738404600731017
2904,0.5715043150705814
2905,0.5789767264607076
2906,0.6198638764357152
2907,0.617155969502511
2908,0.5891892976341944
2909,0.5559243776382328
2910,0.5639512373889073
2911,0.5909992496862086
2912,0.5965343717652758
2913,0.598164985670598
2914,0.6072977013545906
2915,0.5915066170854043
2916,0.5963735858406551
2917,0.5758782662116643
2918,0.5939639152729449
2919,0.5814813447726845
2920,0.5731364664528708
2921,0.5608984572888693
2922,0.5718025685191529
2923,0.5728304743702314
2924,0.589509229508004
2925,0.5938322389122377
2926,0.5511574815504734
2927,0.5795855502566651
2928,0.5596092316025889
2929,0.5740449103435928
2930,0.5747314963079394
2931,0.5809957070479588
2932,0.6255780974983904
2933,0.5900391124032316
2934,0.6093680678387038
2935,0.6167757685315849
2936,0.5971527450015084
2937,0.5588636577719323
2938,0.5693964170653901
2939,0.5433126761558001
2940,0.5572129200014165
2941,0.5736167059251334
2942,0.5892407518633648
2943,0.5696514952835702
2944,0.5271025269145712
2945,0.5110406075360634
2946,0.5265455502585649
2947,0.5277867724973118
2948,0.5214389059271954
2949,0.5456644180079993
2950,0.5436069321642562
2951,0.5635204584501926
2952,0.5927966969255551
2953,0.6027779290647018
2954,0.5888721673850807
2955,0.5613520129942111
2956,0.558517827952763
2957,0.6123310592838536
2958,0.607482130258352
2959,0.6048645928046683
2960,0.6105676073685603
2961,0.5415896940509006
2962,0.5493364134394972
2963,0.5433343545810383
2964,0.5398044782949819
2965,0.5367864110082491
2966,0.5545698262639217
2967,0.5439293923335227
2968,0.5444531702763487
2969,0.5717680094535441
2970,0.5954036770373977
2971,0.5710890254586475
2972,0.5701446837285128
2973,0.5593025903630078
2974,0.5888877129855274
2975,0.6154720222295026
2976,0.6333563984726913
2977,0.5940773810731289
2978,0.6248145864364487
2979,0.6271581334359245
2980,0.6264407758247206
2981,0.6607816734516037
2982,0.6452047426408796
2983,0.6156729192198913
2984,0.5852456008808612
2985,0.5560620672421897
2986,0.5364395220382806
2987,0.5608213442774227
2988,0.5808024461931742
2989,0.5783907939884843
2990,0.5508945267642743
2991,0.5180348635893705
2992,0.5331201434321193
2993,0.5422102880871967
2994,0.5261119134214877
2995,0.5498500453036698
2996,0.5165458563371682
2997,0.5500278459733948
2998,0.5318461558508923
2999,0.5184296364253308
3000,0.524245792210936
3001,0.5393345570014775
3002,0.5450575587659441
3003,0.5732067462333518
3004,0.5417773345732161
3005,0.5678549597410917
3006,0.5812775778252899
3007,0.5530997591201364
3008,0.5489737175984859
3009,0.5323838969617307
3010,0.5425415289582542
3011,0.5365798766023141
3012,0.5416746652779578
3013,0.517140769483676
3014,0.530433385348754
3015,0.5625650139890702
3016,0.519863026201908
3017,0.5824389537602039
3018,0.5708810219080543
3019,0.5250525576248901
3020,0.5423850479691421
3021,0.5616165273648897
3022,0.552460373698685
3023,0.544276281303492
3024,0.5619994616282021
3025,0.5575373618076633
3026,0.552407518657166
3027,0.5760915313501005
3028,0.5489408497575413
3029,0.5504634302812971
3030,0.5627081701777995
3031,0.5787422099739681
3032,0.6112365123477835
3033,0.5965106262876703
3034,0.6432782156685921
3035,0.6193655289013937
3036,0.6562574595615874
3037,0.6319312598225051
3038,0.6178922501390547
3039,0.6265046494511717
3040,0.6341036464449348
3041,0.6228299770009543
3042,0.5794423769848583
3043,0.6141529694900574
3044,0.5367221444710178
3045,0.5705776606193365
3046,0.5483496727805521
3047,0.5410045986494708
3048,0.5553394189014224
3049,0.5823301345570768
3050,0.6249130874608182
3051,0.6162276750758343
3052,0.5844135525123344
3053,0.610558724168305
3054,0.6059589005776547
3055,0.6054612363664297
3056,0.6037174641563174
3057,0.5983589810977109
3058,0.5975870309955266
3059,0.5738918118038087
3060,0.5958676875861167
3061,0.5992095133559998
3062,0.5866118370801235
3063,0.5928493128039901
3064,0.5896454499673032
3065,0.5964655269632971
3066,0.6159191084729392
3067,0.5769048566657814
3068,0.5986690047866202
3069,0.5880824508823858
3070,0.5909833965903685
3071,0.5659646147267674
3072,0.5934062894599966
3073,0.5512580325441322
3074,0.5675471568522461
3075,0.5432711471946065
3076,0.5259047640247652
3077,0.5450773238865122
3078,0.5923517169250754
3079,0.6253932244346166
3080,0.595376139116606
3081,0.5801370090786665
3082,0.5834593259741427
3083,0.5809400503817442
3084,0.5901384675814714
3085,0.6079907276391219
3086,0.5712881458089846
3087,0.6025940468194179
3088,0.6062956763657944
3089,0.6054659854619511
3090,0.5846765856797125
3091,0.6041500760087499
3092,0.6391386443496296
3093,0.6145477252429405
3094,0.6307725830138226
3095,0.6106879747320194
3096,0.6080575566379653
3097,0.611960049008576
3098,0.5974730386346039
3099,0.614679797529089
3100,0.6225354989124917
3101,0.652691298819104
3102,0.6407167448749811
3103,0.6288789922147898
3104,0.5959565195886698
3105,0.6217933075311626
3106,0.6052062885191033
3107,0.6179786563446148
3108,0.6046296321579158
3109,0.6128519223142067
3110,0.5907085982070868
3111,0.5858435970203992
3112,0.5464368122701961
3113,0.5501587365125408
3114,0.5529533913128534
3115,0.5480003580135905
3116,0.5480476439718729
3117,0.5388086715463648
3118,0.589226299579873
3119,0.6001015233262497
3120,0.5752530255783116
3121,0.5875543446272095
3122,0.6110047974857395
3123,0.6059829877168085
3124,0.6513442981650088
3125,0.6440831702763398
3126,0.6482723508521128
3127,0.6386630856405786
3128,0.6052916526569407
3129,0.6196112518869166
3130,0.611342666590834
3131,0.6281098437373016
3132,0.6138799698543387
3133,0.6080279004155746
3134,0.628198539075235
3135,0.6558519414699338
3136,0.6530174489330919
3137,0.6364123901912832
3138,0.6444592371425318
3139,0.637112488869864
3140,0.6194792338646613
3141,0.6372244171930805
3142,0.6499694862608846
3143,0.6236322324824705
3144,0.6217809735492695
3145,0.6215983212855591
3146,0.607294148074488
3147,0.6195002460498803
3148,0.631076695957947
3149,0.6367201930801287
3150,0.6337056790734981
3151,0.652237503950678
3152,0.6875646588859036
3153,0.6497595352394666
3154,0.6434955465794531
3155,0.6605112825022945
3156,0.6326460499476623
3157,0.6393145317146846
3158,0.6224937820374465
3159,0.61934830915936
3160,0.613731461637944
3161,0.5816645778610271
3162,0.6026930945022643
3163,0.6054801985823595
3164,0.6124428509424507
3165,0.6289758190975724
3166,0.6075394610661534
3167,0.6121048451727372
3168,0.6112991389095829
3169,0.6155196840154875
3170,0.6504294531446911
3171,0.6412914879314981
3172,0.6205874130965079
3173,0.586195676231241
3174,0.6253345953129315
3175,0.6142592945638821
3176,0.6036880129308558
3177,0.5776203984463445
3178,0.5550580435333361
3179,0.5671949379621243
3180,0.561130957972474
3181,0.5752564421937942
3182,0.5827966392350985
3183,0.5716789724540625
3184,0.5621520818418189
3185,0.5450917590869269
3186,0.5621821480580674
3187,0.5595429492622227
3188,0.579220672806179
3189,0.5680497751559211
3190,0.5361622807749286
3191,0.5551268029199278
3192,0.534418628146358
3193,0.5285889938126732
3194,0.5150036081668744
3195,0.5073168383213578
3196,0.5157741916228653
3197,0.5200362486068859
3198,0.5425347298934434
3199,0.5585797028591564
3200,0.5870848674937175
3201,0.5798813779082429
3202,0.5888136749280153
3203,0.6122982768582961
3204,0.6097814441459678
3205,0.5962296779965194
3206,0.6035644168657653
3207,0.587292973542775
3208,0.5755421395804662
3209,0.6025385268178219
3210,0.6100955677734564
3211,0.624102392939059
3212,0.6212274476749006
3213,0.6315833800340465
3214,0.6337727472354255
3215,0.6153389108902928
3216,0.6085315778700494
3217,0.6504456257945678
3218,0.6091831606087743
3219,0.614489540281268
3220,0.584942820416775
3221,0.5690330087595619
3222,0.5879981971445799
3223,0.5751420709905074
3224,0.5922171364412079
3225,0.5935223006387151
3226,0.597688333644592
3227,0.6088553705193546
3228,0.6077174325666526
3229,0.6087496604363164
3230,0.5713691537620823
3231,0.5739537208763571
3232,0.5784659766121831
3233,0.5848414152692454
3234,0.6230978054886513
3235,0.5853379861635162
3236,0.560355762085581
3237,0.5535472332499188
3238,0.5667131610128944
3239,0.551075756108125
3240,0.5419111292355226
3241,0.5566963277404168
3242,0.5462234104671402
3243,0.5681517952942375
3244,0.566447416660642
3245,0.5872261103777764
3246,0.5650110031793626
3247,0.5637318223426019
3248,0.5975745945151697
3249,0.5728300985425281
3250,0.5875693606522564
3251,0.5454008944558109
3252,0.5688387279445668
3253,0.5380322798440531
3254,0.5137537077248012
3255,0.5312536122277105
3256,0.5411653845740914
3257,0.5465993748348679
3258,0.5294982918572659
3259,0.5315184511768595
3260,0.5233030455007667
3261,0.5157386929879988
3262,0.4957594872938402
3263,0.4999048326929684
3264,0.4944963987160032
3265,0.5131588749692454
3266,0.5186030467441605
3267,0.5549992948301095
3268,0.5549281267296027
3269,0.5764543417482191
3270,0.58387003732133
3271,0.5941838769777276
3272,0.5941116155602659
3273,0.5528894322710151
3274,0.5442686964171201
3275,0.5464964151272935
3276,0.5501449675521453
3277,0.5419292372975816
3278,0.5574826276276292
3279,0.5491595131484406
3280,0.5507805605304107
3281,0.5832646472239327
3282,0.5512256088632007
3283,0.5502808805160511
3284,0.5495534830797626
3285,0.5719799762780974
3286,0.5695442369342533
3287,0.58314205906041
3288,0.5868105986858358
3289,0.593411175220137
3290,0.57701545250896
3291,0.5904308615344895
3292,0.5790412663271773
3293,0.5745777656942905
3294,0.5517941336795384
3295,0.5737301375591628
3296,0.5971828453839115
3297,0.5961923685554475
3298,0.5760732524572677
3299,0.5618792309293622
3300,0.5640578357919706
3301,0.5475177610766448
3302,0.5541558349658704
3303,0.5741166421856546
3304,0.5744360786502192
3305,0.5737240047343709
3306,0.5970962341814225
3307,0.5950730853232816
3308,0.5582769907273801
3309,0.5444450279421872
3310,0.5510667362432503
3311,0.5642652585179313
3312,0.5742869433843943
3313,0.6120992077571904
3314,0.6160201156852538
3315,0.6184434527148953
3316,0.5994298508884854
3317,0.6152432798229287
3318,0.61013069058062
3319,0.6023960881183441
3320,0.6284379413221152
3321,0.6526619842582614
3322,0.6681840442243313
3323,0.6523048796079984
3324,0.6791032739781262
3325,0.6839210776365797
3326,0.6901206630947421
3327,0.7375369652573835
3328,0.721335784631797
3329,0.6575521859987951
3330,0.682581627702702
3331,0.6769486537562074
3332,0.6488517967793529
3333,0.6433801895821107
3334,0.647392890649997
3335,0.6413923122543953
3336,0.6388812536222328
3337,0.6397289330065934
3338,0.6418835532285126
3339,0.6464846068007368
3340,0.647599892592788
3341,0.6141894247772589
3342,0.6442344921760735
3343,0.6557155843460148
3344,0.656735512399941
3345,0.6593640513554796
3346,0.6809274391505491
3347,0.6486277813607885
3348,0.6244256730960422
3349,0.6309936380355602
3350,0.6303795868179136
3351,0.6062614760448115
3352,0.586090615305145
3353,0.5847457158695724
3354,0.605704943548818
3355,0.6195316447461672
3356,0.6287536365927258
3357,0.6254682874767737
3358,0.6257993233509023
3359,0.6151584452604909
3360,0.6148614388765713
3361,0.6330009337978609
3362,0.6199310812622617
3363,0.6521770981889423
3364,0.6230098618061237
3365,0.6118816939569126
3366,0.6167338808257653
3367,0.6440548573233
3368,0.6587491972331943
3369,0.6757806696849948
3370,0.707878897894306
3371,0.6497077905979795
3372,0.6625951787837194
3373,0.6718413944340512
3374,0.6728348437179851
3375,0.6792449610221983
3376,0.7032495889120389
3377,0.6824985697803153
3378,0.6820930516886619
3379,0.6903831787453634
3380,0.6824851083153128
3381,0.6646572308335669
3382,0.6559667568332334
3383,0.6583445674615663
3384,0.6247936084173847
3385,0.6608280881729373
3386,0.6402002209462913
3387,0.6315645203165813
3388,0.6157545079976208
3389,0.6399710002135501
3390,0.6189862162504929
3391,0.6180614751039177
3392,0.6358734532650263
3393,0.6224678157597773
3394,0.6249064250606267
3395,0.6567975581371085
3396,0.6329215658201958
3397,0.6372087690941692
3398,0.6591365047643248
3399,0.6158209611687611
3400,0.6279690108471003
3401,0.6379347998842648
3402,0.6741055855145035
3403,0.6300657877688954
3404,0.6022580397697617
3405,0.6271401057648179
3406,0.6172763368659698
3407,0.6339385555848058
3408,0.6588322551555813
3409,0.6500036865818676
3410,0.6719018001957872
3411,0.6370262193289232
3412,0.6551817040106725
3413,0.6416482850863668
3414,0.6503954357131255
3415,0.6538889933765997
3416,0.6542396406235997
3417,0.6565329754341206
3418,0.6626204959044472
3419,0.6273017800094642
3420,0.6294461845510897
3421,0.6175046351125308
3422,0.6336495320224729
3423,0.6181812958088998
3424,0.630917345011829
3425,0.6417507493846962
3426,0.6200363130191316
3427,0.6188964959279144
3428,0.631400488607252
3429,0.6140504026932638
3430,0.6267045214569155
3431,0.6181948597723664
3432,0.6037537486127448
3433,0.6050991092914076
3434,0.6002271181113972
3435,0.5773768620947305
3436,0.5869570860746608
3437,0.6008138534882589
3438,0.5755207174013891
3439,0.5707456556026255
3440,0.5731235858125006
3441,0.5959098827873294
3442,0.5953222590904423
3443,0.5922067157639849
3444,0.6191305682546415
3445,0.5852026198580874
3446,0.6013532004083741
3447,0.6088429340389969
3448,0.5840121685254148
3449,0.585357631702542
3450,0.5864915830044412
3451,0.5556198205340961
3452,0.5784884097074884
3453,0.6047393396810686
3454,0.6281706936590502
3455,0.6010116071924034
3456,0.6144957585214469
3457,0.5852211379140042
3458,0.5794524218343776
3459,0.5777985066114631
3460,0.6022116250484278
3461,0.6027989412499211
3462,0.60268591960975
3463,0.6175703707944199
3464,0.6064057426335728
3465,0.59608057689685
3466,0.6111901488756815
3467,0.5998213779397371
3468,0.6028944356526655
3469,0.6326280210072247
3470,0.6557979760283829
3471,0.6477613960066598
3472,0.6050907094417545
3473,0.623814816413872
3474,0.6387424536182441
3475,0.6669870329899318
3476,0.6486788939284114
3477,0.6554757379391224
3478,0.6377866212707757
3479,0.6148341059527089
3480,0.6631864924253279
3481,0.6679299846970304
3482,0.6389783025850219
3483,0.6385555989174897
3484,0.6500685339437311
3485,0.6418004953061256
3486,0.6412435186501192
3487,0.6371978017584695
3488,0.6270152968012311
3489,0.6349223700130787
3490,0.6551887871940338
3491,0.6600668491602916
3492,0.6497918222557788
3493,0.673354066772907
3494,0.6869995506850483
3495,0.6554265929400627
3496,0.6552318940921149
3497,0.6310102940360387
3498,0.6125938653467906
3499,0.6333275160132187
3500,0.6113379375930509
3501,0.6183468479121188
3502,0.6052656692961942
3503,0.6138921450641004
3504,0.6071777781511438
3505,0.5772889184122033
3506,0.5953076018100212
3507,0.5963091826388044
3508,0.6137057003572038
3509,0.6125503376655399
3510,0.6137984273014071
3511,0.6498624436978089
3512,0.6446657715484675
3513,0.6596967272050396
3514,0.6773168624067887
3515,0.6234837805397432
3516,0.6308079791502248
3517,0.6245853998698627
3518,0.5926596564785401
3519,0.6181326773705791
3520,0.6089234636659264
3521,0.6439353504074768
3522,0.6602717777569501
3523,0.6503056299751601
3524,0.65532916513491
3525,0.6403962834257716
3526,0.6215817044756697
3527,0.6207027118104091
3528,0.6279974712540722
3529,0.6477675629976061
3530,0.6494246385898423
3531,0.6380124766372663
3532,0.6306369775453102
3533,0.6083867817058881
3534,0.583770135484613
3535,0.59406217713423
3536,0.6582532925789432
3537,0.6423672434824127
3538,0.6598030864450192
3539,0.6463554929016417
3540,0.6418493529075294
3541,0.6479313726269291
3542,0.6680761133412295
3543,0.6548063887998867
3544,0.6583045930604172
3545,0.6679348704571708
3546,0.6493592104033467
3547,0.6708432302207504
3548,0.6720847599548908
3549,0.6897636951090992
3550,0.6642764610966515
3551,0.6677739337995141
3552,0.6834850491686644
3553,0.6714250798374716
3554,0.6690781383300258
3555,0.6937361255986427
3556,0.6720688043605865
3557,0.6940834587286245
3558,0.6886424985722631
3559,0.6581011677745712
3560,0.6601123243123679
3561,0.6629355420181161
3562,0.68335877106042
3563,0.6575952554516167
3564,0.66818474965494
3565,0.667331256999824
3566,0.6636555253988069
3567,0.6499469365986983
3568,0.6826375576981555
3569,0.6839157477164264
3570,0.6927696334108681
3571,0.6559441046725825
3572,0.6610161899383431
3573,0.6675530295108127
3574,0.6599071223864708
3575,0.6510492392519145
3576,0.6601469687933634
3577,0.65303774362906
3578,0.6206407122980395
3579,0.6142448081142352
3580,0.6265347156674204
3581,0.6314907897544626
3582,0.6514858485444617
3583,0.6222957891702181
3584,0.6013170867827207
3585,0.5983376614170985
3586,0.6205181241345166
3587,0.6219132307346088
3588,0.636703759159657
3589,0.6329672630522779
3590,0.6171576094779426
3591,0.6218303948922285
3592,0.6209588333656434
3593,0.6379385239951412
3594,0.6213482591983728
3595,0.5961359602338261
3596,0.6068749976870579
3597,0.5932204939100422
3598,0.6109047248182482
3599,0.5918493719506391
3600,0.598464913260755
3601,0.6046772939439011
3602,0.5961284095136093
3603,0.5776816583619511
3604,0.5839877397247129
3605,0.5796873824811299
3606,0.6081026559623386
3607,0.598630807025523
3608,0.6047442254412091
3609,0.6065763854938613
3610,0.609395469094876
3611,0.6225840148523474
3612,0.6242896435652545
3613,0.6467313547709046
3614,0.6573027047362406
3615,0.6596339639786206
3616,0.6744995320689829
3617,0.6578610138722852
3618,0.6745874991283529
3619,0.69282781837254
3620,0.6676356432731869
3621,0.6778578493023355
3622,0.6578070484307347
3623,0.6636830633195985
3624,0.6249150007654888
3625,0.6490545166345904
3626,0.6411952077071923
3627,0.6362224203411182
3628,0.6572257283894134
3629,0.6427548926750914
3630,0.6454510464510342
3631,0.6360301050849128
3632,0.6644671303481035
3633,0.6600390379102615
3634,0.6657546256191307
3635,0.6689401412306756
3636,0.6534836802818746
3637,0.6886353920120585
3638,0.6591393063890207
3639,0.6513868008616152
3640,0.6416854578628195
3641,0.6891337395463802
3642,0.6885031689928743
3643,0.6687576768808162
3644,0.6587000321363967
3645,0.6890573440241851
3646,0.6777250454585189
3647,0.6763383778986691
3648,0.6237333984669169
3649,0.6484353575767972
3650,0.6499135220992761
3651,0.6534974492422705
3652,0.6852442303146042
3653,0.6785587338024777
3654,0.6651202284562842
3655,0.6658975084786214
3656,0.6719554068927123
3657,0.6599857387087301
3658,0.6685549178349892
3659,0.6382019108827103
3660,0.6360105620443511
3661,0.6552416656123956
3662,0.6564888669282376
3663,0.643072262087289
3664,0.6436661040243548
3665,0.6418925730933873
3666,0.6543250218445148
3667,0.6711533905742793
3668,0.6962576219911051
3669,0.7000978294614643
3670,0.7066789483705912
3671,0.6766945942289062
3672,0.6643584940343937
3673,0.6177136978139237
3674,0.6451228122016017
3675,0.655565902421713
3676,0.6617712619600422
3677,0.6629229688731398
3678,0.671667591204441
3679,0.6738854188127922
3680,0.6478295233193868
3681,0.6600066142293299
3682,0.6452400704449717
3683,0.657712664428022
3684,0.6717005957100048
3685,0.6821764171064418
3686,0.6365848267747004
3687,0.6202016993160115
3688,0.6544267686535928
3689,0.6355194456762102
3690,0.6277152929813477
3691,0.6258218900961663
3692,0.6283988552409918
3693,0.6313032175644567
3694,0.6299565244057556
3695,0.6364832337133189
3696,0.6534881218820027
3697,0.645029982758934
3698,0.6334773808269373
3699,0.6415562072991052
3700,0.6614086445002092
3701,0.6615536235537874
3702,0.6378727883132517
3703,0.6485030065633565
3704,0.6625201157415624
3705,0.6513543771806833
3706,0.6696395565861599
3707,0.6790108886954714
3708,0.684643725977347
3709,0.6618369976419313
3710,0.63315802977776
3711,0.6439206077116684
3712,0.6540930678193874
3713,0.630340278656784
3714,0.6531351513364743
3715,0.6737469654947856
3716,0.6740909282340826
3717,0.6398828344510162
3718,0.645655804216919
3719,0.6366786641189355
3720,0.6246865658543084
3721,0.6307204796277099
3722,0.649238215990458
3723,0.6196555191649308
3724,0.5896169775016883
3725,0.5963826057055297
3726,0.59325069679091
3727,0.6044004455913297
3728,0.5938223307273377
3729,0.6240998304774469
3730,0.6433901439918087
3731,0.6157102286609636
3732,0.6018767283988034
3733,0.620988626252653
3734,0.6279924488293123
3735,0.6349604311095571
3736,0.5980249727681124
3737,0.614220379313533
3738,0.5969838616981928
3739,0.6259506452506353
3740,0.6445760512258892
3741,0.6264254523042806
3742,0.6037788436534659
3743,0.6087798633171845
3744,0.5906123863150909
3745,0.5787906234153588
3746,0.5948089467803063
3747,0.6022104292330085
3748,0.599406754567822
3749,0.58814418912416
3750,0.5897564899704939
3751,0.593167638868523
3752,0.5958010635842019
3753,0.5801915040956174
3754,0.5891093488318969
3755,0.5937452860482004
3756,0.5502122748771564
3757,0.5611112782672931
3758,0.5434767932805167
3759,0.53993694047725
3760,0.5277856450142022
3761,0.5202884289956715
3762,0.5680176248042277
3763,0.5695152298688043
3764,0.5762038355010205
3765,0.5999927382892775
3766,0.5526340402636758
3767,0.5684886735808419
3768,0.5558054794194315
3769,0.5603762276123231
3770,0.5489368523174267
3771,0.5570799794929806
3772,0.5835339106901323
3773,0.5612822798722074
3774,0.5896233786312842
3775,0.5804402337027652
3776,0.6003488179548947
3777,0.5897280637296776
3778,0.5830350164973336
3779,0.570829636011193
3780,0.6172447439620663
3781,0.6038292558149148
3782,0.6034152986830187
3783,0.5871146262145727
3784,0.6002179274157484
3785,0.6144951435306601
3786,0.6123051613384942
3787,0.6187006213622855
3788,0.6030408717922585
3789,0.5948397184271632
3790,0.6114017398725315
3791,0.6349633181496401
3792,0.6198142671789048
3793,0.6097943247863378
3794,0.6125698807061013
3795,0.6372909386965305
3796,0.6178350901620278
3797,0.6227806752395375
3798,0.6305091961262539
3799,0.6169421456469544
3800,0.6350132861510759
3801,0.6498992064804036
3802,0.6599441243321493
3803,0.6659632783266652
3804,0.6300804450493168
3805,0.6490137905780353
3806,0.674466243444868
3807,0.6633379509896805
3808,0.6798316963990597
3809,0.6716102945627944
3810,0.6525910553208385
3811,0.6270135201611803
3812,0.6365056637939639
3813,0.637085736770634
3814,0.6452100042287232
3815,0.6344931747761291
3816,0.6457553985582425
3817,0.6335703127680697
3818,0.6294941538324684
3819,0.6415504332189395
3820,0.6193754370862937
3821,0.6276113595383606
3822,0.6283597691598682
3823,0.6286323809092411
3824,0.6210360147093997
3825,0.6201619078042794
3826,0.6383405913051571
3827,0.6137448035214045
3828,0.6078130636340159
3829,0.6053462843385106
3830,0.5954125602376527
3831,0.5955274610163392
3832,0.5852891285621122
3833,0.5887266195655132
3834,0.6055759542556994
3835,0.5829421870546656
3836,0.5675960144536503
3837,0.5857374226796099
3838,0.6314632347505938
3839,0.5869085359686499
3840,0.5950295576420305
3841,0.5978167642205904
3842,0.6227411449984016
3843,0.6382526476226297
3844,0.6595358046157999
3845,0.6576011460986638
3846,0.6929361934156543
3847,0.7185913199129267
3848,0.6888534745783261
3849,0.682600060343232
3850,0.6775202876926347
3851,0.6246585375487069
3852,0.6402841330225488
3853,0.624410742486382
3854,0.6210209132689655
3855,0.6389042645275096
3856,0.6575518785034018
3857,0.6473365057052184
3858,0.6573811843938807
3859,0.6256217447611836
3860,0.6115678557173054
3861,0.6282324319008246
3862,0.6263614932624424
3863,0.6389378840238602
3864,0.6273794225963107
3865,0.6620191032471645
3866,0.6633463900299231
3867,0.6328009251274979
3868,0.6488030986905232
3869,0.651123413974046
3870,0.6369207705164813
3871,0.6214119107448175
3872,0.6250432263445579
3873,0.6319976617444136
3874,0.6240896147971535
3875,0.620965837427383
3876,0.6168241819729764
3877,0.6210294548076725
3878,0.6334800457870143
3879,0.5993534553662903
3880,0.5805200458404435
3881,0.6015245436748362
3882,0.5916690429854569
3883,0.6286742344489056
3884,0.6316643196548343
3885,0.6593408183701963
3886,0.662213645332755
3887,0.6642456773911511
3888,0.6551928080109919
3889,0.6706966574165387
3890,0.6380580030385745
3891,0.6635470136910733
3892,0.6731719611676733
3893,0.6798482328179961
3894,0.647541263471103
3895,0.6659334854396555
3896,0.679684679434835
3897,0.6675334864702512
3898,0.6573999757790362
3899,0.6475559207515242
3900,0.6305787925836382
3901,0.6504156620767839
3902,0.6343467386365362
3903,0.6557839849879809
3904,0.6497120101181008
3905,0.6371639089328801
3906,0.6461901287122742
3907,0.6366474875026548
3908,0.6579609498751573
3909,0.6543836509661995
3910,0.6600627150555574
3911,0.675321695629452
3912,0.6670474387516677
3913,0.6513500722451754
3914,0.6594235687971899
3915,0.6627608504684807
3916,0.7086694514677943
3917,0.7085888364254777
3918,0.6917378497012168
3919,0.6752546274675246
3920,0.7024767504898294
3921,0.6701014829994345
3922,0.6629281159038753
3923,0.6738881691882559
3924,0.7031954013904818
3925,0.6977523570986758
3926,0.7051785758474735
3927,0.7004256708001165
3928,0.7204372489259752
3929,0.6843544069782633
3930,0.7264643294684106
3931,0.7014720605409561
3932,0.6808132900272685
3933,0.7033277610742854
3934,0.6960603345544853
3935,0.7070886859823661
3936,0.7145445780366324
3937,0.7116908499546222
3938,0.7017461072688321
3939,0.69637675937299
3940,0.7067070671160148
3941,0.7203537468435758
3942,0.7244058186400231
3943,0.7322559027056175
3944,0.731428330103373
3945,0.736266667620878
3946,0.7072910008681805
3947,0.7185509013517651
3948,0.6726716149132945
3949,0.685509974666856
3950,0.7134403962449007
3951,0.6883915481650513
3952,0.7074260255120606
3953,0.6835698837311023
3954,0.696663093857961
3955,0.7136020704895465
3956,0.7365988993104253
3957,0.7055898680192935
3958,0.6741364938259802
3959,0.6757632931806039
3960,0.6580209114768807
3961,0.651218020056765
3962,0.6395707778758946
3963,0.6575983786401226
3964,0.6895019481969616
3965,0.7048996433594575
3966,0.6872647142126687
3967,0.6484948750185078
3968,0.6546305014348321
3969,0.6468235008904759
3970,0.6302407868139248
3971,0.6408775307996019
3972,0.6512788699785137
3973,0.6520161755997019
3974,0.6254918279574502
3975,0.6348228781702194
3976,0.6343643683724276
3977,0.6102621619443981
3978,0.6303541842817991
3979,0.5987520627090073
3980,0.6015245436748364
3981,0.5928156420584076
3982,0.6060986059847466
3983,0.5955657954420562
3984,0.6066924479218122
3985,0.5834405345889873
3986,0.5804963345289929
3987,0.5889125859462421
3988,0.5973544278134579
3989,0.608098966017617
3990,0.5986194809451971
3991,0.6000269386102599
3992,0.6169621790723264
3993,0.6259617492509545
3994,0.6270499412822268
3995,0.6240625210363747
3996,0.6110250921817076
3997,0.6179073515794888
3998,0.6225377197125554
3999,0.6461999002325548
4000,0.66873169352007
4001,0.6385514648127555
4002,0.6117592886828067
4003,0.5962767589578727
4004,0.6158868676814243
4005,0.624794313847993
4006,0.6220538465692382
4007,0.602090186475526
4008,0.631214829721917
4009,0.6596153092580844
4010,0.6480388593500183
4011,0.6370965332755593
4012,0.6321413475085427
4013,0.5981853145327198
4014,0.6075359077860515
4015,0.623859232415148
4016,0.5916168933745464
4017,0.5958296264896381
4018,0.6038190401346214
4019,0.5875490147070562
4020,0.5995215699311212
4021,0.6101412137563069
4022,0.6145137982511959
4023,0.6075784104826573
4024,0.6086985820348487
4025,0.5877395593525319
4026,0.5637609660726703
4027,0.5707191426664794
4028,0.561955421454629
4029,0.5730773931711731
4030,0.5994853708900808
4031,0.6186776617062413
4032,0.5890804784310667
4033,0.618607791919618
4034,0.6152028612617675
4035,0.6122999680829598
4036,0.6023352040304406
4037,0.6274044834708772
4038,0.6643633114622239
4039,0.6826495841846553
4040,0.6647195961247709
4041,0.6807009175440393
4042,0.6451276979617422
4043,0.6336910217930771
4044,0.6154227204680859
4045,0.6266148011343373
4046,0.6425342476472119
4047,0.6417320946641598
4048,0.6636749317747495
4049,0.606856787126535
4050,0.6013167792873272
4051,0.6111871643615685
4052,0.6349098310342567
4053,0.6225612601932319
4054,0.6140626000105373
4055,0.6129528491355687
4056,0.650272984214222
4057,0.6158766520011308
4058,0.5757060687913309
4059,0.5721153425835258
4060,0.5870377865323644
4061,0.5667646835743751
4062,0.6077906164702943
4063,0.6444245926615363
4064,0.6191128018541305
4065,0.5974116902889491
4066,0.5967835455324365
4067,0.5721605614894407
4068,0.5792563643793316
4069,0.5707566571044803
4070,0.5750028268265059
4071,0.5660263871346964
4072,0.5697119927544589
4073,0.5872456534183382
4074,0.5795754541579133
4075,0.5912719639340455
4076,0.6048432731240553
4077,0.6046660874451173
4078,0.6061317813210844
4079,0.6163653646797908
4080,0.611931281106211
4081,0.5796475447446006
4082,0.5838008850239585
4083,0.6307748038138867
4084,0.5967437932112941
4085,0.5759564383739109
4086,0.5850941764826634
4087,0.5808031124331937
4088,0.5909495037647786
4089,0.6176230891713197
4090,0.6342928586103723
4091,0.5909250749640768
4092,0.5967822130523983
4093,0.6288892078950838
4094,0.6227873376397292
4095,0.6265883565305002
4096,0.6470039665202777
4097,0.6613029344171715
4098,0.6268163131155129
4099,0.6197503081370668
4100,0.619173184239024
4101,0.6250802282902369
4102,0.6248473517789294
4103,0.6243026920217385
4104,0.6291669445676801
4105,0.6370524247696765
4106,0.6248368286032421
4107,0.623187525811229
4108,0.6319426250934199
4109,0.6255850781832878
4110,0.6364111709990212
4111,0.6275927048178247
4112,0.612810171273007
4113,0.5945623013086027
4114,0.6135576925744888
4115,0.6006269987875046
4116,0.6333969878646272
4117,0.6341753612039188
4118,0.6173965675648099
4119,0.6176845199177005
4120,0.6073292025493419
4121,0.5916443066893613
4122,0.6158417000247417
4123,0.627674874420186
4124,0.6239137274320987
4125,0.6397093899660321
4126,0.6147160618877782
4127,0.613373946993824
4128,0.6216369632066696
4129,0.6094853260820735
4130,0.6347077040622945
4131,0.6290697760233492
4132,0.6014472256664604
4133,0.5734340536614231
4134,0.5785000231854694
4135,0.580796894193015
4136,0.6140396061883381
4137,0.6281652270742777
4138,0.6024235918729809
4139,0.6129962743183552
4140,0.6496835667942064
4141,0.660904757024371
4142,0.681069672853098
4143,0.69669867288378
4144,0.6791513799241242
4145,0.6730050936674932
4146,0.679271610622964
4147,0.6518798184757834
4148,0.6235318864857413
4149,0.5817369759431076
4150,0.6406128114319944
4151,0.6483031345576129
4152,0.6123014372276179
4153,0.5981214921555015
4154,0.6173086238822827
4155,0.6373537019229498
4156,0.6308307679754952
4157,0.640498218148701
4158,0.6341351818058413
4159,0.6334174192252143
4160,0.6382298929635143
4161,0.6084018831463222
4162,0.6221250950606976
4163,0.5655986268762496
4164,0.5773639814543606
4165,0.5597682951510516
4166,0.5832261419674414
4167,0.5652210908654004
4168,0.5858194556173525
4169,0.6032616193186022
4170,0.6181729592671213
4171,0.5994334041685871
4172,0.5823319111971279
4173,0.616222652651074
4174,0.6156145975935998
4175,0.6101301097559878
4176,0.6195193107642746
4177,0.6127315549507477
4178,0.6135661316147317
4179,0.6434971865548852
4180,0.6556855181297666
4181,0.6383930363528179
4182,0.6257145742038512
4183,0.6267613739385494
4184,0.6029467098695526
4185,0.5928744932600989
4186,0.5834203253084066
4187,0.5910994469596761
4188,0.6310339711813344
4189,0.6534747970816197
4190,0.6558088345718527
4191,0.6453924173293496
4192,0.6361128042626738
4193,0.6333559422540359
4194,0.6236099219833683
4195,0.6327724988866811
4196,0.6375227902231936
4197,0.6408071826868108
4198,0.6252284410698808
4199,0.5971873894825038
4200,0.6108643062570869
4201,0.6147086478321802
4202,0.6105601933129627
4203,0.6210946438310845
4204,0.6198995459013552
4205,0.6121932330152773
4206,0.6295927573553021
4207,0.6032185357973641
4208,0.6325348732798517
4209,0.6287381934907437
4210,0.6467494628329635
4211,0.6256081978807944
4212,0.6293480251882686
4213,0.620919337290662
4214,0.6159015249618452
4215,0.6087626777413059
4216,0.6178162987768717
4217,0.6528862850647071
4218,0.6524170812604541
4219,0.6575660916238101
4220,0.6351607472753137
4221,0.6230425588162943
4222,0.6673237062796074
4223,0.6485611681481859
4224,0.6476464439787408
4225,0.6362028833298778
4226,0.6278272213045639
4227,0.6335000329875885
4228,0.6416879007428901
4229,0.6341371805258985
4230,0.6492712667208194
4231,0.6875113596843717
4232,0.6627681328838938
4233,0.6419071278753439
4234,0.6311075821619112
4235,0.6521933954447949
4236,0.6811838561425331
4237,0.6574365215060589
4238,0.6787692422716849
4239,0.6664447136143471
4240,0.6624688544506775
4241,0.6653972014148316
4242,0.6632947308038231
4243,0.6551725133150239
4244,0.6277512699423816
4245,0.6297806370407013
4246,0.6468978976926141
4247,0.6439603429497336
4248,0.64757959789682
4249,0.640477786788114
4250,0.643745027842007
4251,0.6211725084979377
4252,0.6443513062594304
4253,0.6355287338458889
4254,0.6288817938394856
4255,0.6130380253595548
4256,0.6138637188232833
4257,0.6096324797109177
4258,0.6076450344845722
4259,0.6279848981090952
4260,0.6566820765337898
4261,0.636306338446697
4262,0.6492415079999639
4263,0.6550117273904034
4264,0.6693321978573268
4265,0.6500916302643948
4266,0.6510647848523614
4267,0.6712380884720981
4268,0.6782216163527895
4269,0.6828706392063927
4270,0.7142323335476588
4271,0.7155710318261305
4272,0.712005759403672
4273,0.6634888287294012
4274,0.6677927392530862
4275,0.6656301241509374
4276,0.6468223050750568
4277,0.6355724836071461
4278,0.6605715857655658
4279,0.6902921088596694
4280,0.6775846908944857
4281,0.669936699634699
4282,0.6403498687044377
4283,0.6479245735621181
4284,0.6745692885678292
4285,0.6701347950003919
4286,0.6780870358689217
4287,0.6411875544885113
4288,0.627598034737978
4289,0.6187543647238299
4290,0.5729361502871142
4291,0.5694765879476937
4292,0.6019075121043034
4293,0.5891507923777031
4294,0.5980327847589251
4295,0.6267181537526916
4296,0.6254611809165693
4297,0.6723413819438043
4298,0.6700548461980945
4299,0.6825726078378276
4300,0.6550432285851544
4301,0.6660690909081679
4302,0.6914048663562627
4303,0.6788971837322039
4304,0.6600794564714234
4305,0.6773834864087036
4306,0.6771929417632276
4307,0.6695786724982559
4308,0.6738466402270618
4309,0.6930618906992668
4310,0.6864225868284676
4311,0.6666651194791423
4312,0.6392154840318383
4313,0.6095176130983857
4314,0.6305521429828722
4315,0.6295403464737956
4316,0.5866593622014895
4317,0.6193202245800913
4318,0.6062660543095586
4319,0.564034739471307
4320,0.5907208980228245
4321,0.5921578802700931
4322,0.6127734084904117
4323,0.612467279743153
4324,0.6169519633920332
4325,0.6005590423055517
4326,0.6136870798028228
4327,0.6220473670584639
4328,0.646190128712274
4329,0.6278125640241428
4330,0.6353628400811215
4331,0.636199415465163
4332,0.6185251781572438
4333,0.6450810611604019
4334,0.6730449314040224
4335,0.6575037725574037
4336,0.6171478379576623
4337,0.6166605944236594
4338,0.6437496061067544
4339,0.6374326257406026
4340,0.6713788871961442
4341,0.6601172100725081
4342,0.6969802703318719
4343,0.6866277887543644
4344,0.7187681980964712
4345,0.6733776072535833
4346,0.6581584644162183
4347,0.6682561348110184
4348,0.660417018081124
4349,0.673215933008937
4350,0.6566483203728198
4351,0.6804717309774531
4352,0.6618747278661736
4353,0.6932024673433065
4354,0.6827518264029778
4355,0.6570654891232699
4356,0.6799538404025697
4357,0.7074501468173694
4358,0.6999358477214248
4359,0.7007971985921508
4360,0.6824602353545981
4361,0.681309826755384
4362,0.6936681691166898
4363,0.7048485649579899
4364,0.6944565531393462
4365,0.6885715696348399
4366,0.6940387352319547
4367,0.7060554502111348
4368,0.670152561400902
4369,0.6446654298869194
4370,0.679420848387253
4371,0.6632245535218064
4372,0.6515664635867783
4373,0.669389631163593
4374,0.6689254839502542
4375,0.6774057969078068
4376,0.6369641735917557
4377,0.6818695025376215
4378,0.6684332179914919
4379,0.6913914048912607
4380,0.6841067365219152
4381,0.6665168042010343
4382,0.6810531364341613
4383,0.6706109345340752
4384,0.6885718771302335
4385,0.6660935197088697
4386,0.6416971366584494
4387,0.6068730843823879
4388,0.6188678646901685
4389,0.647791325558289
4390,0.604019356300378
4391,0.5970562597802733
4392,0.6320888904022386
4393,0.6519793103186428
4394,0.6305485897027701
4395,0.6400604130407351
4396,0.6461243930303847
4397,0.6503111819753196
4398,0.6669401741085851
4399,0.6353122058396664
4400,0.6386811595364829
4401,0.6650069676530294
4402,0.6679069908748311
4403,0.6593843460514475
4404,0.6382553125827063
4405,0.6957788174973453
4406,0.679071396955672
4407,0.6469468065432504
4408,0.652594916096334
4409,0.6689508010709818
4410,0.6667716153837416
4411,0.6480560449258967
4412,0.6489280676955719
4413,0.6278795296876057
4414,0.621750326508389
4415,0.6320245334251858
4416,0.6428522662163514
4417,0.6375947441452616
4418,0.6381801470420847
4419,0.650243977148773
4420,0.6532910515009547
4421,0.676029379194405
4422,0.6459262976646921
4423,0.6700206458771115
4424,0.6653942751841597
4425,0.6664293046785198
4426,0.677199604163419
4427,0.6664855763355214
4428,0.6626777925460939
4429,0.6461628128714894
4430,0.6474448807483327
4431,0.6521338780030844
4432,0.640736424580162
4433,0.6301246560536645
4434,0.6371568023726759
4435,0.6195082409301105
4436,0.6231813075710508
4437,0.618915594808463
4438,0.6127453239111436
4439,0.6203298002891049
4440,0.6483314241338105
4441,0.663195238960964
4442,0.660484632901529
4443,0.6472716241772
4444,0.6305934498640595
4445,0.59517568628623
4446,0.5999341091675922
4447,0.6160298872055343
4448,0.5819610375864701
4449,0.5847372768293297
4450,0.5970270818840506
4451,0.5927288087759123
4452,0.5872404601628045
4453,0.6021298996060789
4454,0.6379799675409473
4455,0.6298097807707692
4456,0.6499259585796339
4457,0.6306562130904788
4458,0.6581398096956822
4459,0.6403352114240165
4460,0.6689006451556943
4461,0.6690243949684813
4462,0.6690195092083409
4463,0.6795497914555736
4464,0.6795016513434211
4465,0.6542162368075426
4466,0.6897844339650798
4467,0.7077575055462021
4468,0.6724293256263318
4469,0.6582683940193772
4470,0.6569316944609634
4471,0.6693163447614868
4472,0.6502186600280454
4473,0.6800564413655186
4474,0.6717454558712941
4475,0.707565047596056
4476,0.6839764147487584
4477,0.682098689104208
4478,0.6577578320847048
4479,0.6646882828438709
4480,0.6455377943181428
4481,0.6670989613131488
4482,0.6636590786789093
4483,0.6818050993357709
4484,0.6392599000331145
4485,0.6458312474219606
4486,0.6285548920700912
4487,0.6207584147014221
4488,0.6324705725764656
4489,0.6718141640086532
4490,0.6401269003780298
4491,0.6457230090434652
4492,0.618671306801443
4493,0.6098418499077038
4494,0.6416830602026602
4495,0.6253838970743482
4496,0.6412213106494813
4497,0.6260045252767991
4498,0.6610179665783942
4499,0.6454408307707409
4500,0.665105571175863
4501,0.6748341104339014
4502,0.6744125000833239
4503,0.6803901080335685
4504,0.646554339922741
4505,0.6300622344887934
4506,0.649481354406857
4507,0.6319931347288987
4508,0.6464406349594733
4509,0.6331648054657281
4510,0.6483014433329486
4511,0.6479254156573465
4512,0.6303802530579331
4513,0.6211008620712632
4514,0.6059145870748428
4515,0.6180171957672609
4516,0.6406125039366009
4517,0.6455715504791133
4518,0.6516355304687634
4519,0.6301039855299932
4520,0.6619499509497926
4521,0.6640111609044115
4522,0.6467937421696205
4523,0.6178473899777654
4524,0.6491726631979857
4525,0.674632495954261
4526,0.6320770809713112
4527,0.6500042674064994
4528,0.6429535346992614
4529,0.677994650586267
4530,0.6480902452468793
4531,0.6272240520072304
4532,0.628181216834737
4533,0.6439702169684787
4534,0.6430998000080803
4535,0.6589543991590918
4536,0.6451513751070381
4537,0.6558081062932895
4538,0.6323767523153079
4539,0.6516013301477802
4540,0.6336409683762542
4541,0.6137173851821549
4542,0.6036509768190224
4543,0.5914666426842554
4544,0.6326876643242427
4545,0.6196946514708518
4546,0.6437638192271626
4547,0.6306264543696234
4548,0.6165131332994218
4549,0.6266697403113008
4550,0.6264059092637189
4551,0.6506979086818181
4552,0.6633422559251891
4553,0.6607303729701294
4554,0.6184612191154053
4555,0.6214778685067129
4556,0.6540274688021178
4557,0.6419606149907275
4558,0.6629895928750541
4559,0.651404908923674
4560,0.6757301399517782
4561,0.6741092754592249
4562,0.671994937133848
4563,0.6723515976240981
4564,0.6517479029519924
4565,0.6324879289831177
4566,0.6250965255460899
4567,0.61836394807261
4568,0.6145179665220851
4569,0.6057746766708221
4570,0.6170443486746878
4571,0.6184812063159799
4572,0.6585676724525934
4573,0.6441767513744142
4574,0.6464912692009283
4575,0.6601380855931083
4576,0.6422060133977794
4577,0.64929702800156
4578,0.6720767992408165
4579,0.675758749082012
4580,0.6594154372523405
4581,0.6423056077391031
4582,0.6519042472764857
4583,0.6852744331954721
4584,0.6540761897389022
4585,0.6655968121499799
4586,0.6904968666255534
4587,0.6998979574557203
4588,0.6772995401662907
4589,0.6770358457833285
4590,0.6919283943466925
4591,0.6832268555366291
4592,0.6606125509852049
4593,0.6708805396618227
4594,0.6850030514276731
4595,0.6963468981536707
4596,0.7027117111365817
4597,0.7307995020237635
4598,0.7330222153922549
4599,0.7340445350770185
4600,0.7259332849239188
4601,0.6988617321459418
4602,0.6998975132957077
4603,0.6817384753338567
4604,0.6940973643536392
4605,0.7055931138040022
4606,0.7568586433018774
4607,0.7286253387612828
4608,0.7005029033931053
4609,0.7395516750752823
4610,0.731849940453951
4611,0.70588359445235
4612,0.6795789693517967
4613,0.6807742039461452
4614,0.6696297850658791
4615,0.6873895231762549
4616,0.6706704519757855
4617,0.6812974244411817
4618,0.7007912999060082
4619,0.7170607445089413
4620,0.7042600529410776
4621,0.7022679952838301
4622,0.7220348924918875
4623,0.6865540581922457
4624,0.6682280160655953
4625,0.6446938902938908
4626,0.6624243138434245
4627,0.6432263856117183
4628,0.6581899656109694
4629,0.6721744802774694
4630,0.6659043929588194
4631,0.6653434701119304
4632,0.6734939771769273
4633,0.7156198894275345
4634,0.7039433668519761
4635,0.6968536847282344
4636,0.7098696230715154
4637,0.6847297905213585
4638,0.6768025251120078
4639,0.6672989900812499
4640,0.6559200346165059
4641,0.6716831368048876
4642,0.6557027037056452
4643,0.691405618011669
4644,0.7066651794101958
4645,0.6894024563541027
4646,0.7019091139935169
4647,0.686926845107574
4648,0.6939906292859569
4649,0.704113924296878
4650,0.7092281193484643
4651,0.7164557985715567
4652,0.7072403666267257
4653,0.7161658987478411
4654,0.6776200408060896
4655,0.6704378146275615
4656,0.6895787878791695
4657,0.664817311327579
4658,0.6899574513731287
4659,0.6992190980667996
4660,0.692039212269877
4661,0.6851260603743659
4662,0.6688083111222716
4663,0.6623890885377971
4664,0.6763930095802392
4665,0.6589859345199977
4666,0.6580332112926185
4667,0.6406542549778007
4668,0.65179112313785
4669,0.669800786670793
4670,0.6472824548482806
4671,0.6665957280186867
4672,0.6657065196731327
4673,0.6442304947359586
4674,0.6359087127368088
4675,0.6586067585337166
4676,0.6526952962592187
4677,0.6578981866487382
4678,0.6664251705737851
4679,0.6582102603069373
4680,0.6925285911885566
4681,0.6902879285301371
4682,0.6963446773536071
4683,0.6869743702289401
4684,0.6490753921551902
4685,0.6574908919170335
4686,0.6488137819076722
4687,0.6554073372971567
4688,0.6464799431206029
4689,0.617228504249211
4690,0.6512504437376966
4691,0.6584495258891983
4692,0.6516812789500779
4693,0.663349020823845
4694,0.6829417048084345
4695,0.6901455360554573
4696,0.6985208785267343
4697,0.6693481876177866
4698,0.6496835034863313
4699,0.6723285013034345
4700,0.643857844485249
4701,0.6538843126133886
4702,0.6327690822711978
4703,0.6527128405797229
4704,0.6860474082823014
4705,0.6752687923533617
4706,0.6916303054351302
4707,0.6989582736408426
4708,0.7168950265993828
4709,0.7426801673744187
4710,0.7058727979474241
4711,0.709963772935578
4712,0.700900243715112
4713,0.6825677220776871
4714,0.6474024805501915
4715,0.6521892151152628
4716,0.6579800145895512
4717,0.6725157318318917
4718,0.6402503534847359
4719,0.6855395113077051
4720,0.6797326487162132
4721,0.67961607379594
4722,0.685015441683233
4723,0.6904843839203983
4724,0.6698873174823298
4725,0.6782565341630238
4726,0.6950327191157231
4727,0.670254854868458
4728,0.6819020628831729
4729,0.668238812570521
4730,0.6901943936568609
4731,0.6873788633359488
4732,0.6954735770701115
4733,0.6943179752153638
4734,0.693880921762804
4735,0.6837221964493257
4736,0.6972001295381905
4737,0.7233438320495038
4738,0.7093616748476871
4739,0.7428087004488815
4740,0.7430107932546899
4741,0.7426700991480566
4742,0.7524435561103817
4743,0.7433873555301264
4744,0.7109507939579701
4745,0.7135286132566665
4746,0.7062153819818846
4747,0.7053584606526435
4748,0.7612102497777024
4749,0.7298485554364355
4750,0.723012044519969
4751,0.7117180462138655
4752,0.7014086481575958
4753,0.6664074041732746
4754,0.694066734395836
4755,0.6638094097601526
4756,0.680984428296802
4757,0.664768334144633
4758,0.6925148222281605
4759,0.6649098332748533
4760,0.6408975180001762
4761,0.6648861561295571
4762,0.6336759203526432
4763,0.6545989660739258
4764,0.6191267074791456
4765,0.6179300037401396
4766,0.6242781607225719
4767,0.6269750149046891
4768,0.6366759137434715
4769,0.6932405563121743
4770,0.6685256032741476
4771,0.6849346507857074
4772,0.6802537509096503
4773,0.6809779930010516
4774,0.6843690130094525
4775,0.6880433267150441
4776,0.7020540347636544
4777,0.6772198134439997
4778,0.6399597133238135
4779,0.642915336938164
4780,0.6820298443022293
4781,0.6649472281313122
4782,0.6496480510762626
4783,0.6714451695365109
4784,0.6249927287677225
4785,0.6613752933086632
4786,0.6697865735503846
4787,0.6765782243055622
4788,0.6521261222859386
4789,0.6735797000593914
4790,0.6700210900371238
4791,0.6711568071897622
4792,0.6787124131668938
4793,0.6593110596493411
4794,0.6694490119406836
4795,0.6824939915155681
4796,0.6993415616243459
4797,0.7098005049402981
4798,0.7063748354264673
4799,0.7070988162472726
4800,0.6774341206501584
4801,0.6767443401503357
4802,0.6934435608148507
4803,0.7102215686323984
4804,0.7231195312430577
4805,0.7035643958626241
4806,0.6979451225442157
4807,0.6814790858864023
4808,0.6994475792027779
4809,0.701154178636437
4810,0.6847241189396573
4811,0.7001120425818725
4812,0.6923201434779506
4813,0.6989936476697324
4814,0.6840187928393882
4815,0.6943784834755642
4816,0.699750496331483
4817,0.7473468199639131
4818,0.7674192992607524
4819,0.7519566200717732
4820,0.7094007609288104
4821,0.6656967481528517
4822,0.6498428544324494
4823,0.6369587070069833
4824,0.6187926991495473
4825,0.6178990492038657
4826,0.6534485916408667
4827,0.6358893063608663
4828,0.6194136348473916
4829,0.5927471560010547
4830,0.6121492611740137
4831,0.6075513167218787
4832,0.6466813696863917
4833,0.6525886978561551
4834,0.6587491972331946
4835,0.6641479621883433
4836,0.6574336294415417
4837,0.6442509602627
4838,0.6594589649335915
4839,0.6338775689984378
4840,0.6149285271362369
4841,0.6151611102205677
4842,0.636103698982412
4843,0.6157888449832228
4844,0.5943587906073696
4845,0.5761607519797826
4846,0.5911144237941335
4847,0.6317069590160596
4848,0.6549118768029183
4849,0.6884550630468762
4850,0.6769686409567818
4851,0.6837635374966679
4852,0.6638391001486976
4853,0.6340675840685139
4854,0.6536488844297804
4855,0.6604723672519455
4856,0.671596525602399
4857,0.6507063477220603
4858,0.6467648717687909
4859,0.6554749862837163
4860,0.6386179863162059
4861,0.630988308115407
4862,0.6540683315232919
4863,0.6387807880439611
4864,0.6544587481745117
4865,0.6728946224302915
4866,0.6265182817469482
4867,0.6331691337780793
4868,0.6739194824691555
4869,0.6634204280874355
4870,0.6489883367926886
4871,0.633782962915719
4872,0.6170172549139094
4873,0.6363107800468245
4874,0.6043511438299127
4875,0.6245778833158006
4876,0.6337774621647919
4877,0.6344620835752357
4878,0.6384226242428995
4879,0.6420021439519207
4880,0.6333575942881103
4881,0.6546207299145516
4882,0.6334311881856103
4883,0.6395094717354903
4884,0.6538198631867398
4885,0.6690403847289407
4886,0.6818583985373028
4887,0.7042529463808731
4888,0.6311108962789298
4889,0.6527630819103973
4890,0.6445955480416531
4891,0.6231035795688172
4892,0.5976200013349359
4893,0.617988325366431
4894,0.5963826057055297
4895,0.5918703841358582
4896,0.6060409505984744
4897,0.6093929407994184
4898,0.6025696180187158
4899,0.6193943993022234
4900,0.6349710909498635
4901,0.6550560067270603
4902,0.6571617693475754
4903,0.6464687195387417
4904,0.6468294116352614
4905,0.6514491199280215
4906,0.6491397953570411
4907,0.6104481624912818
4908,0.5977768239855963
4909,0.6056780718680458
4910,0.6072990338346288
4911,0.6217639929703204
4912,0.6287605381560014
4913,0.6383129508859017
4914,0.6533602037983266
4915,0.6323977303343724
4916,0.5891715312336837
4917,0.6081875930232411
4918,0.6287138671885057
4919,0.6230557127859029
4920,0.6445780499459464
4921,0.6383619391226031
4922,0.6570173831772721
4923,0.6376095380903019
4924,0.6360405347532284
4925,0.6368408538705645
4926,0.6281269097316382
4927,0.625713176406164
4928,0.6783000105950424
4929,0.6801864094184842
4930,0.6724386529865995
4931,0.6683348877978973
4932,0.6448795491792263
4933,0.6386525624648917
4934,0.627250701607996
4935,0.6511227648171043
4936,0.6306103279445446
4937,0.6386874169672506
4938,0.650496396700642
4939,0.6075938535846397
4940,0.6258310637087372
4941,0.610082140474609
4942,0.6002379085870013
4943,0.5968306264937895
4944,0.5939076094497882
4945,0.6012242573400528
4946,0.5907043274377332
4947,0.5901300285412288
4948,0.6425586764479143
4949,0.6412036809135897
4950,0.591582773444516
4951,0.5869458454097224
4952,0.5722689877817877
4953,0.5886061155374345
4954,0.5725582726147165
4955,0.5962001413556708
4956,0.5878959036770252
4957,0.5892314928354067
4958,0.5696191633117912
4959,0.5495531414182145
4960,0.5878060808559821
4961,0.5771658860886676
4962,0.5841898325305206
4963,0.5876911459111407
4964,0.5511569007258414
4965,0.5593723918173213
4966,0.6099599964710991
4967,0.6018071319414189
4968,0.6015207733391623
4969,0.6169710622725816
4970,0.6025040190014459
4971,0.6489441941206505
4972,0.6516111700003707
4973,0.6354504762682551
4974,0.6052777982811585
4975,0.6332745363657235
4976,0.6486472219028859
4977,0.6264600967852761
4978,0.6240588652578083
4979,0.6168530523738056
4980,0.6176370972947992
4981,0.598022124918619
4982,0.6226975148186861
4983,0.6279857864291211
4984,0.6410782911253715
4985,0.6336796102973645
4986,0.6239061767118819
4987,0.601386375744712
4988,0.6330766630800371
4989,0.6614702581360075
4990,0.6375014705425807
4991,0.6742979068000307
4992,0.6677950625516146
4993,0.6550442756773109
4994,0.6144937598013894
4995,0.5978747612684109
4996,0.563901183972084
4997,0.5783133101737689
4998,0.5766543333355055
4999,0.596930015838184
