,phi
0,-0.0051251095870836726
1,-0.011284037958738644
2,0.011114699386328846
3,0.010842837178099784
4,0.013590628538109302
5,0.012297543539259072
6,0.02970978956488891
7,-0.006686348353629866
8,0.008828477318593125
9,0.006693372002012576
10,0.013944859757316654
11,0.038852704976947816
12,0.03430299434782318
13,0.06367490057349863
14,0.039611999065332075
15,0.043538084356096705
16,0.04589217939444239
17,0.017395402394437025
18,0.0226055731887845
19,0.03818740113686828
20,0.045877168578395744
21,0.043976966058534975
22,0.04420247882082296
23,0.03862574056832591
24,0.02460677299419769
25,0.020590501267234308
26,0.04151036386604212
27,0.031092906946603202
28,0.021370665222453466
29,0.02152187616606217
30,0.022177424519773753
31,0.05484089546908686
32,0.02994790597611638
33,0.008647093227822951
34,0.030459744094455732
35,0.009653540115432024
36,0.03064626763809752
37,0.05845113509063913
38,0.009297415285140165
39,0.03682186620938379
40,0.008013609929383608
41,0.009015285002614587
42,0.013713175305889492
43,0.010499159105895729
44,0.013696833998336402
45,0.05785940704637278
46,0.04209387871225484
47,0.051084439023463046
48,0.022998599403122152
49,0.03163252967246212
50,0.027787997167763617
51,0.056413080440752744
52,0.03880279696145119
53,0.039666311887405006
54,0.04911445724607511
55,0.05721986784499155
56,0.06839484307141672
57,0.07225386670805599
58,0.08998383059788197
59,0.07280245907826398
60,0.09138749013347246
61,0.06927411418743469
62,0.0608668614716199
63,0.061085332490487795
64,0.06455762097055066
65,0.0461198086070947
66,0.03910407748840788
67,0.030092537871621763
68,0.056426518317339046
69,0.05473210104632315
70,0.040577051481915635
71,0.02389410949008865
72,0.018304371719247852
73,0.02528872918258747
74,0.03469509902268178
75,0.025527706872060855
76,0.032952582313542325
77,0.04953894251691791
78,0.06704606702431883
79,0.06369670616763667
80,0.08815532583094249
81,0.07275720255211295
82,0.07759362790782523
83,0.06355899274212409
84,0.07938807465788644
85,0.06266680286373791
86,0.0766096326895796
87,0.09462765574902303
88,0.11395317475913097
89,0.13063820379248423
90,0.10177573606726713
91,0.09158211165051292
92,0.09657131434154469
93,0.09033373828749476
94,0.08178154869554323
95,0.1021131969987922
96,0.0939421348629944
97,0.10323689062168594
98,0.12188635847389187
99,0.11833017084220937
100,0.08443176851967188
101,0.08902079329653473
102,0.07649440403104077
103,0.12119661647713748
104,0.12857339141106147
105,0.08900616508509608
106,0.09323296059287578
107,0.0742564273380336
108,0.07750944118815305
109,0.1220230819874468
110,0.10692308040183776
111,0.10560322903371523
112,0.09835139083312522
113,0.09652538574469652
114,0.08075145903591968
115,0.0629483468770764
116,0.04883084417963811
117,0.05410568980504774
118,0.07522802910536176
119,0.07452119371475886
120,0.10367301838142767
121,0.13146668581652038
122,0.10479087854364538
123,0.09724529288156833
124,0.06319693718750774
125,0.08179050216127577
126,0.08865303897508002
127,0.0856112943012546
128,0.09012931625817414
129,0.09723340332600076
130,0.10184060982401645
131,0.12199138796807184
132,0.12238316819311647
133,0.09141277196386492
134,0.12004981603317705
135,0.12664885668359957
136,0.13780003982857508
137,0.12256961229700916
138,0.12432590208173122
139,0.15493369910000993
140,0.13963432740889442
141,0.12699369585946077
142,0.14188719717648712
143,0.13266646426442993
144,0.11497787274399403
145,0.10233507890875673
146,0.0857225690978748
147,0.1069392637622198
148,0.1110884653639652
149,0.09302481915446853
150,0.12659944595489944
151,0.12287639396489068
152,0.09931097413576813
153,0.08691119877890195
154,0.08502447003618016
155,0.12202495848758767
156,0.13379725215580857
157,0.10812785946815233
158,0.1547294729416341
159,0.16287205942361752
160,0.15804993950223437
161,0.1512986850807737
162,0.14144105797918038
163,0.13096036455155882
164,0.159281285611782
165,0.13805029634455449
166,0.12342129772022606
167,0.10531209600923022
168,0.1193271962084846
169,0.12001269046834942
170,0.11942816443118508
171,0.10657688811778958
172,0.12698021095520112
173,0.11847069904535464
174,0.1385958727738576
175,0.10241680749331497
176,0.10022233178204203
177,0.0850278647081244
178,0.08239668700591016
179,0.08908950574539046
180,0.0982953760754411
181,0.09352035915393438
182,0.1031518884449002
183,0.10306608364420859
184,0.10321405327055844
185,0.1209756549385012
186,0.13727896876575865
187,0.14681306732964983
188,0.11451975358281723
189,0.10576196133386251
190,0.11338560520084544
191,0.11148863691637316
192,0.08519124830566768
193,0.11207915951660452
194,0.10414012871273988
195,0.12248989893737292
196,0.11716439529419655
197,0.11263841444513743
198,0.1315976104751858
199,0.13652247009551033
200,0.1516830642468908
201,0.133083462592571
202,0.14300759033419705
203,0.15123834760659846
204,0.13444139055395643
205,0.14406032276280806
206,0.13586240231383778
207,0.12905064724308435
208,0.14159588876483106
209,0.152555328184739
210,0.1774459531591999
211,0.151664296558186
212,0.15102494768863017
213,0.15229726502014324
214,0.1456221994604287
215,0.15469014645427312
216,0.16597922770778162
217,0.1413541777392349
218,0.12245165186536651
219,0.1322122337845423
220,0.14476009152568112
221,0.12441699709806307
222,0.11324655671041667
223,0.13835641893232134
224,0.17825160858129113
225,0.1727369210814955
226,0.16397046052177908
227,0.1703462633844904
228,0.16747591590600877
229,0.17903010106605652
230,0.16367892108496385
231,0.16317133583131282
232,0.1572901813891923
233,0.1440281222430516
234,0.14081763100711153
235,0.15410302958991814
236,0.1264288049864799
237,0.16133899322232984
238,0.15682386773134566
239,0.1605810259998683
240,0.18145538388157967
241,0.15611084750245383
242,0.1538326881716386
243,0.1558678128466586
244,0.17138536634330603
245,0.13414521256949652
246,0.13403810321938503
247,0.12446409373617855
248,0.14153386137514856
249,0.15323707813690063
250,0.15706895027093112
251,0.18723642951459146
252,0.21826911961453374
253,0.21313333525791783
254,0.20464607884485445
255,0.2012887963068505
256,0.20071940344590886
257,0.2180079716813595
258,0.20655714503862288
259,0.1920932876951225
260,0.16477342952573548
261,0.1920035922936448
262,0.17932465967949984
263,0.1707873577326998
264,0.1792676599731285
265,0.1979870098784764
266,0.1973011579340803
267,0.18358450785396105
268,0.21410611288160777
269,0.21326601792892436
270,0.2035025184841905
271,0.17633522554571882
272,0.18382067454995263
273,0.20575362083390722
274,0.19146866940103127
275,0.1890634480699466
276,0.17629953313209776
277,0.164239713448226
278,0.18764210012389893
279,0.17352881489014246
280,0.19420388254483872
281,0.19765789801796196
282,0.21283014875283268
283,0.19005712569657213
284,0.20226549861610674
285,0.24085556532639724
286,0.21322737593414753
287,0.2015094683853588
288,0.2081210496298447
289,0.18601336189102796
290,0.20061457078242248
291,0.1714190843624457
292,0.13519298441611505
293,0.12507857072503067
294,0.15178802365201344
295,0.15260361855557392
296,0.15870748320036446
297,0.13921816998491118
298,0.14143738236204392
299,0.13520898841322512
300,0.16628999493670157
301,0.1353927556344712
302,0.15169176296796702
303,0.14592898982685
304,0.15662751458133542
305,0.11768092307244789
306,0.11772668448111866
307,0.1324008645518489
308,0.11069225123825595
309,0.13971678559421322
310,0.16269120689637362
311,0.16030154931208096
312,0.168738241241718
313,0.16815158135472524
314,0.19104551121548222
315,0.1954364572146478
316,0.209191887301369
317,0.18210079567395163
318,0.14155174987944363
319,0.1498299469781176
320,0.1869636733418268
321,0.201170842099862
322,0.1839873644534346
323,0.17069355178351603
324,0.166417164949802
325,0.16036381787283455
326,0.17797960545457045
327,0.16139825788016607
328,0.1539834180619101
329,0.15756019133778376
330,0.15370329897336302
331,0.14755280300630416
332,0.14542822322339344
333,0.1762033136898128
334,0.19362709997742245
335,0.18281107299665775
336,0.1906290654282261
337,0.18236422177569755
338,0.17540875937623873
339,0.16609868984409037
340,0.16589196548795873
341,0.1576998698893499
342,0.1712417947230293
343,0.18003072019663746
344,0.1874667601448755
345,0.17102222015798899
346,0.15855244579458658
347,0.13405934749779533
348,0.16117781534606218
349,0.17038539114908244
350,0.15883942585048463
351,0.13801364604715216
352,0.15984392579241766
353,0.157001777834415
354,0.16280591147742407
355,0.15230764036689345
356,0.16058320553372227
357,0.14423491419289453
358,0.13433390714755547
359,0.16948814432876871
360,0.18287589610611116
361,0.17695777774822105
362,0.18560574025264265
363,0.18601120446119385
364,0.18825622066218217
365,0.18983386805577906
366,0.17955563564463203
367,0.20792732616312598
368,0.21680194494207886
369,0.17864912667606758
370,0.18381552511569735
371,0.17387655206753655
372,0.16575551648987774
373,0.15673072483122386
374,0.16809360742142773
375,0.15319899282363775
376,0.15174861023886557
377,0.176025446693159
378,0.19987586765797774
379,0.206204218391753
380,0.19621946726272005
381,0.19552267694618225
382,0.20925925873486795
383,0.22873775045765546
384,0.19664648662591036
385,0.17485874509759158
386,0.1591883657846179
387,0.15243318031582992
388,0.1744604369379031
389,0.1821416934066084
390,0.15564156065363993
391,0.1615574709320154
392,0.17703357451159932
393,0.19083976062011307
394,0.18139119988232028
395,0.18667087405695118
396,0.18795626088617956
397,0.19177201577278455
398,0.18377843103061847
399,0.1689834330280968
400,0.15957382699854242
401,0.16168296788422187
402,0.15781757670061292
403,0.16902718765763175
404,0.14936238030013507
405,0.1562576770025053
406,0.16129354148334707
407,0.17846675313950316
408,0.1782948184301929
409,0.1764339508911686
410,0.20539735612713644
411,0.21806698110095465
412,0.20042481560961603
413,0.20283422590402686
414,0.22531265563256414
415,0.19414002368092784
416,0.18140339003109784
417,0.17465104234648351
418,0.18435822142220992
419,0.16478607868105768
420,0.16750891084948497
421,0.17548942774041093
422,0.19715741676738716
423,0.17999839074153415
424,0.16217143430761757
425,0.1767763607517902
426,0.2010493959441663
427,0.2117006342830995
428,0.19072148522645538
429,0.19102337653731635
430,0.19641778318054495
431,0.1789019502723191
432,0.18587682824551952
433,0.193747608102419
434,0.21086677651612698
435,0.2332672714622148
436,0.19460089145193815
437,0.221919741376384
438,0.20747360303368276
439,0.2154530860275591
440,0.2423371236389678
441,0.23907237867403675
442,0.26230544417249585
443,0.2402421931451011
444,0.2569668765981449
445,0.2304214961928237
446,0.21598115319030597
447,0.20653764684425188
448,0.24030888680425494
449,0.22133663567271764
450,0.23824246837980032
451,0.2398708439350639
452,0.25146741290224567
453,0.2534326319143121
454,0.23560307566972116
455,0.24571596135903218
456,0.2252229707608978
457,0.21960663337022002
458,0.23530635902078875
459,0.21757329667911382
460,0.24774003581962353
461,0.2649145210345318
462,0.2874172501937709
463,0.2470275440282203
464,0.24310953038632563
465,0.2565245256650196
466,0.2727522645130519
467,0.2386919618430459
468,0.22278286495984628
469,0.2029848440259299
470,0.2242647789551871
471,0.23392568713293047
472,0.24176042169042003
473,0.2179794456544629
474,0.23746755334361713
475,0.264440436101654
476,0.2718045736714509
477,0.27330684269714445
478,0.26255436392343284
479,0.265595975850339
480,0.2654595646663463
481,0.2817506588394176
482,0.3065733540810038
483,0.2855554750617834
484,0.268887165422024
485,0.25063398778986773
486,0.26248827932063623
487,0.2645820445427953
488,0.24422892293773815
489,0.2454669357615533
490,0.2291690149527038
491,0.24371921099123992
492,0.2510001206848943
493,0.22780030405311827
494,0.26050631749711395
495,0.24509249766973018
496,0.2427692703621993
497,0.22131376050750173
498,0.24626468189678838
499,0.2319962922393917
500,0.2249649706106422
501,0.19651254440847862
502,0.19174195461455487
503,0.20944041237632818
504,0.2294483859584777
505,0.24340309012101877
506,0.22272112198475738
507,0.21585492910526347
508,0.2009296232881064
509,0.19814456146867712
510,0.2163264767374919
511,0.23288460360982227
512,0.23054600442292225
513,0.21485226704462487
514,0.20712404247136823
515,0.20942745338678964
516,0.23451198050570665
517,0.22573539860351863
518,0.1851291559703108
519,0.17528486531360485
520,0.190082821014012
521,0.19034474025587161
522,0.20728065164344828
523,0.2063287186589201
524,0.17635341247693453
525,0.20272807110325639
526,0.1711792432284371
527,0.1821441065158102
528,0.18980606003039757
529,0.20628816934236677
530,0.23994118628355526
531,0.21436166186178074
532,0.22939762746876047
533,0.27620836277738686
534,0.2310154730755113
535,0.2279151869005852
536,0.25263190661024815
537,0.24063383415177977
538,0.23785843162450368
539,0.23789374060491417
540,0.2501497499525054
541,0.2303094796584999
542,0.2406292347082207
543,0.21472719943856353
544,0.22640768019862298
545,0.20745479709214742
546,0.2067062469761769
547,0.21525871497743887
548,0.21380735235240714
549,0.20326959425715582
550,0.20266941900074598
551,0.24312975113416144
552,0.23064787554952954
553,0.24079788792794488
554,0.24404392961700164
555,0.23306282239540946
556,0.2598547012601637
557,0.2339506035185403
558,0.2323153153066172
559,0.23586840949502635
560,0.26994888929498423
561,0.25749405212717386
562,0.2474787929536182
563,0.26664061140240697
564,0.2510688920623039
565,0.27924322767279197
566,0.26748805893301114
567,0.2554962217133351
568,0.2397307757804757
569,0.24775930202908691
570,0.25144861069001856
571,0.24630639577209298
572,0.26684671683048317
573,0.24625098922070313
574,0.21693860135550752
575,0.23907849805748224
576,0.26261328904969405
577,0.25230190243048123
578,0.24639446950035027
579,0.2745451629695156
580,0.25975810521259246
581,0.25057517646234956
582,0.24877006101157348
583,0.2403541987764441
584,0.23625649434165455
585,0.23584247830838032
586,0.25784622320523276
587,0.24442003646456154
588,0.2363040151885784
589,0.21651929132244221
590,0.22769503308623198
591,0.2572037484624439
592,0.2483067818040658
593,0.2756701551868851
594,0.2977924640600393
595,0.3160763012124426
596,0.29723532526712065
597,0.28920217396337794
598,0.2900043332138687
599,0.2774952638702752
600,0.26358264832367095
601,0.2663085876925608
602,0.2887346513515592
603,0.28117260317941234
604,0.29740774700763006
605,0.25863876064860186
606,0.2628279623714244
607,0.25825415654487294
608,0.2197902951264392
609,0.2298940353001829
610,0.23831979174646126
611,0.25204173930888746
612,0.2439497959000165
613,0.24663786548772082
614,0.23207170655672918
615,0.23764724254607184
616,0.24843360680131452
617,0.21240829066993552
618,0.21915449514192153
619,0.21516416876057623
620,0.22144924750859388
621,0.23031857524926524
622,0.23282995106422438
623,0.23815402222527615
624,0.23784745317183645
625,0.26068710201932577
626,0.2614557242866533
627,0.2580424149529776
628,0.26122809145437803
629,0.2397261385502497
630,0.24335064439355203
631,0.2547727233075036
632,0.2754884699818988
633,0.27473638843042797
634,0.30623699650370156
635,0.32188108627784695
636,0.3009634648287428
637,0.30460365356475033
638,0.320312674817658
639,0.3193727579383838
640,0.30485711432427753
641,0.3046193032227379
642,0.3034366804152184
643,0.30538579298388474
644,0.2975894385743774
645,0.28859128843543513
646,0.28383993471487406
647,0.26709418755323255
648,0.2722318315184167
649,0.2816935103171958
650,0.3014610622820619
651,0.2901405698810209
652,0.33434235140193574
653,0.32983640118825813
654,0.3448272319103455
655,0.34262583912757033
656,0.36637089424751457
657,0.3450507517544114
658,0.3587673427414483
659,0.34998954513962793
660,0.3576525848700733
661,0.3596063650244374
662,0.33327284407884955
663,0.30765909467139024
664,0.29547180635554776
665,0.2937220302642334
666,0.27555556037363443
667,0.28917824334909714
668,0.2664585903128894
669,0.26310524600661533
670,0.26552030045400576
671,0.2908390269765713
672,0.3039767873204523
673,0.29265492245888103
674,0.2626180277938832
675,0.2770446940080272
676,0.27699899495558344
677,0.2699536868306205
678,0.2574507390367618
679,0.26785369805117826
680,0.2715970399457531
681,0.2254519733461399
682,0.24634778467657759
683,0.26623158973546235
684,0.2537862387486088
685,0.2840887920547416
686,0.26094407035774925
687,0.2604342264321303
688,0.2684243242437022
689,0.26086228440765596
690,0.2533950744626887
691,0.2757041234261527
692,0.29001146839505826
693,0.29265083563067185
694,0.2883549009424607
695,0.2876971547922534
696,0.28896734156450393
697,0.289745046095804
698,0.2529674786745881
699,0.25772556492073817
700,0.2687916479397447
701,0.24942762168354016
702,0.26329091191905524
703,0.26514127509371815
704,0.2657364695025407
705,0.2931433226703648
706,0.2829802493771271
707,0.3139027824583197
708,0.2965071987623839
709,0.28601535137427
710,0.2732554733138374
711,0.31832406470703806
712,0.2742280381201672
713,0.25979625545969237
714,0.23625408545534593
715,0.24351773681552769
716,0.2450031042873744
717,0.25316267176295376
718,0.2710520769876499
719,0.2987449051628105
720,0.31143012566480466
721,0.361241011301764
722,0.38699744327339225
723,0.3522927482009596
724,0.3285218429150208
725,0.293521654516433
726,0.29129232995557097
727,0.2674249874741378
728,0.2935815124633305
729,0.2981877561417157
730,0.29771695974571977
731,0.3162154127172118
732,0.3453198180509195
733,0.35267078211369224
734,0.33912047530334133
735,0.30724869277651
736,0.32521726625115244
737,0.30963695749160924
738,0.31450573369110435
739,0.3405855631262196
740,0.3159311709607068
741,0.3341314233750781
742,0.3164171894056305
743,0.3073403273359907
744,0.31836681892222557
745,0.3388185327144925
746,0.3433948261815673
747,0.3441695451548556
748,0.2990144584630961
749,0.3046072153283009
750,0.3123951600929603
751,0.34625758800036505
752,0.3247255011890755
753,0.3036712060236495
754,0.31331772263649715
755,0.30696348841974597
756,0.3056195474481589
757,0.3197034383568983
758,0.3096489897480583
759,0.32225423254827607
760,0.30272263451688436
761,0.3100521278280374
762,0.311348227670937
763,0.31243935968929143
764,0.2958680944093081
765,0.3131945312194036
766,0.31812395035775226
767,0.2908221750280078
768,0.2947733523383459
769,0.2658003934099741
770,0.28210526282491716
771,0.3137755051453442
772,0.30587642833978895
773,0.30091282208468684
774,0.301474171431098
775,0.2930390325389578
776,0.29247394859201337
777,0.31492124599961047
778,0.3059288435472555
779,0.3098146070366889
780,0.28487674033757043
781,0.30119429126506864
782,0.297662360699242
783,0.3147001105819791
784,0.29623970423217755
785,0.3154948709124102
786,0.30312228333545166
787,0.33403918861634746
788,0.3171375838204938
789,0.35354545778967317
790,0.34597864696189046
791,0.3226362425616695
792,0.33177609459382945
793,0.29975422668893303
794,0.30739956473697144
795,0.29024679136248965
796,0.2972997884434895
797,0.31834322677008553
798,0.33409310179917184
799,0.35353072488339093
800,0.34968670814750163
801,0.352594109830832
802,0.34447411728988936
803,0.34119441445364274
804,0.340182971609264
805,0.3235737234074647
806,0.2874883604781176
807,0.28044706826966503
808,0.2909053937179869
809,0.31395261295356414
810,0.32307756420572986
811,0.29734426921869067
812,0.3334423917018515
813,0.3612894661758655
814,0.35396740304514956
815,0.3366199967737529
816,0.34317402615488196
817,0.3273083553930386
818,0.35282197761906187
819,0.3439359709587593
820,0.333369071336229
821,0.3458385645207614
822,0.36020820985922547
823,0.3799314036498973
824,0.35518409604464185
825,0.3695881055048928
826,0.3616993637366534
827,0.3599929047488109
828,0.3780636020381129
829,0.386604431553998
830,0.3744608694865584
831,0.38721165605298047
832,0.4025767245536818
833,0.4106819934114651
834,0.393379519606266
835,0.3998770721734315
836,0.3873077593108618
837,0.39231744635149274
838,0.4109759887622622
839,0.43251491062769515
840,0.4363778266749318
841,0.44441025175074417
842,0.4385700904128538
843,0.41682960985900375
844,0.43152865528414835
845,0.39616635898352226
846,0.3695899274639011
847,0.3606228771777881
848,0.3555882021817357
849,0.37427851284156644
850,0.35495719061941683
851,0.356583748301458
852,0.37199481578970023
853,0.39066068886870503
854,0.36872904880237095
855,0.3647573839889748
856,0.3836314013307893
857,0.36068046980720486
858,0.34879925134804646
859,0.36810703101521913
860,0.3698291933974238
861,0.35520509114493687
862,0.3500963817030048
863,0.3319305032272753
864,0.3297871194497476
865,0.3420072120493766
866,0.32505733766571254
867,0.3162052166240477
868,0.3348592381535232
869,0.3495863279489566
870,0.3146610451187713
871,0.3367428542258125
872,0.3395367522845584
873,0.33716282763699623
874,0.3347731593309426
875,0.3423687543031082
876,0.3669625519833528
877,0.35629335329609857
878,0.3711576885437074
879,0.3058487358406978
880,0.2832282012903206
881,0.30094476410305754
882,0.2798134397475766
883,0.28870727507586685
884,0.31456224047067916
885,0.31678466729211463
886,0.35897415849305253
887,0.3268482862972548
888,0.33764783017449057
889,0.3462881783638822
890,0.35438794830187265
891,0.3222404867295489
892,0.3524849589670373
893,0.3533733718240094
894,0.33574851906182307
895,0.31593916295045676
896,0.3111544683644697
897,0.3102566204948428
898,0.3082226749667507
899,0.3253600700452595
900,0.35626142731923743
901,0.36552746651652707
902,0.3616756522192295
903,0.3366135411218769
904,0.33653370524349774
905,0.3234746260909429
906,0.3262862466306193
907,0.3367073269890702
908,0.35991464968579023
909,0.32147974144668745
910,0.3242073631997419
911,0.3291390931381093
912,0.355784433471116
913,0.3594360296673411
914,0.3523793900668152
915,0.36617390697800256
916,0.3498733180136596
917,0.34267473400519727
918,0.3341541652997897
919,0.3362319318720088
920,0.3039993915623954
921,0.31182268361513854
922,0.31771391418186856
923,0.32265951273192
924,0.2987040410761916
925,0.2862201571768263
926,0.28080302462297435
927,0.26935453949220634
928,0.2726309000730799
929,0.28969327210997775
930,0.31238584949112447
931,0.3193446018533771
932,0.3107122837420377
933,0.31032489461287727
934,0.3044124725813225
935,0.3092002248709819
936,0.341865775320941
937,0.3364132542920867
938,0.3404431994453237
939,0.34521177091570926
940,0.3551500972305314
941,0.3588554706817814
942,0.3350638864366821
943,0.3343211310075507
944,0.3271083293680302
945,0.32098100186530903
946,0.33881434138338956
947,0.36423923461976687
948,0.3645390036967362
949,0.362238249869299
950,0.34965868326427874
951,0.3720892939741095
952,0.3553217111096506
953,0.35740866047263525
954,0.3442575187950618
955,0.3336652839252834
956,0.3263311542065456
957,0.28732372646546994
958,0.28758647742532367
959,0.32265733733869484
960,0.3520011107052756
961,0.3408275101402451
962,0.3089909288277857
963,0.3122397170152294
964,0.3249076545319275
965,0.3296247228574952
966,0.35934830353254593
967,0.352981223302358
968,0.31872476118699733
969,0.29472060678546785
970,0.30689139499652346
971,0.2985404794590241
972,0.2881594718108226
973,0.30887265507941103
974,0.31998597883590524
975,0.31356835427700785
976,0.301876665876355
977,0.285004418688285
978,0.28254908535402934
979,0.268394666356266
980,0.2949589300326172
981,0.2777507330542213
982,0.2868189259630363
983,0.27388333668191706
984,0.2514045552204811
985,0.2567330244863229
986,0.262637363598819
987,0.2789356178242747
988,0.28108235236972673
989,0.2874008043284811
990,0.29144914912060843
991,0.2681475393212196
992,0.28820276795481925
993,0.32651483132827797
994,0.31159124310434233
995,0.31141806850973897
996,0.29704259843059877
997,0.3044347021923193
998,0.2694271073327911
999,0.2513589317687927
1000,0.2446829445489447
1001,0.28348569718874816
1002,0.29291465717619447
1003,0.31319738222068433
1004,0.30346495106676685
1005,0.31274697535114215
1006,0.31046865800877504
1007,0.29579364982178974
1008,0.2863323957802468
1009,0.30725117882659314
1010,0.30394871832576054
1011,0.2960785945254701
1012,0.28803780189663436
1013,0.295031637040302
1014,0.2918151057235582
1015,0.3093712535229266
1016,0.3159846950615154
1017,0.3223264683159023
1018,0.31930326540599985
1019,0.3148481200790212
1020,0.30119179298504867
1021,0.3088293711653515
1022,0.30443208794726667
1023,0.3312298361672882
1024,0.32480133716503273
1025,0.3362880933615181
1026,0.3522010235622329
1027,0.34908330355340095
1028,0.3461277438980224
1029,0.3513952430437885
1030,0.35150650467814437
1031,0.3580660760854816
1032,0.35771291665848387
1033,0.3625862949792958
1034,0.34633960311096323
1035,0.32052477768628573
1036,0.31491886667355357
1037,0.2943823860896599
1038,0.3027479215573398
1039,0.29429023880514377
1040,0.2903813851120022
1041,0.2874334401627065
1042,0.26749307117808296
1043,0.3165971305831817
1044,0.31371125086507795
1045,0.3081698214558843
1046,0.29309368748809966
1047,0.30581008734705295
1048,0.3193731305949906
1049,0.33153671531818935
1050,0.3236697512839621
1051,0.31073297059855653
1052,0.3276739551615201
1053,0.3236528808808074
1054,0.33802193753700255
1055,0.34161431725476293
1056,0.3459256731259917
1057,0.34398734993955066
1058,0.3780306879042625
1059,0.35999329267912833
1060,0.33942790115437294
1061,0.34827835675828817
1062,0.3529786185176829
1063,0.3485142312794347
1064,0.35155788662044524
1065,0.35323758538140543
1066,0.35478657199942515
1067,0.36583329702959644
1068,0.347802696247536
1069,0.36779224318073217
1070,0.4067705489459758
1071,0.3969139639392335
1072,0.38636917670128407
1073,0.40784850381026183
1074,0.4023992811625662
1075,0.361574988812632
1076,0.3680907412324462
1077,0.37559447654299094
1078,0.35255600231578604
1079,0.3562989906116157
1080,0.38689981431713355
1081,0.3985325696119026
1082,0.3733042540792483
1083,0.3491424905026119
1084,0.33542726016464247
1085,0.3442838919691108
1086,0.34726500594594206
1087,0.3461597597454885
1088,0.3529505875016079
1089,0.33265599242557575
1090,0.34534768725340864
1091,0.343257686246877
1092,0.3484379138936622
1093,0.37895227559018146
1094,0.37851130787392273
1095,0.3969086484136561
1096,0.39626702000445957
1097,0.3895655968734631
1098,0.39507329298980626
1099,0.38075553963138287
1100,0.39039599367789213
1101,0.3850029676190772
1102,0.3670104042725433
1103,0.36951978057503365
1104,0.39009936000606765
1105,0.3892198067788521
1106,0.3848475582148058
1107,0.4019670354481387
1108,0.4011270542393555
1109,0.3667666218904527
1110,0.35332514920902947
1111,0.3642928875736586
1112,0.38081259398857215
1113,0.3752693516968483
1114,0.3828401500051664
1115,0.35226039327139075
1116,0.377688584066285
1117,0.36061726473346595
1118,0.3669915324374228
1119,0.40369830925278527
1120,0.37217316527657157
1121,0.3795886176406154
1122,0.3734003194312392
1123,0.3936647279880127
1124,0.3660003405044021
1125,0.3491287289714319
1126,0.3493212687082748
1127,0.3534988204048948
1128,0.3464986831416794
1129,0.34845960673106985
1130,0.3773980032262069
1131,0.3554595565142837
1132,0.3542967364430243
1133,0.37853625551990994
1134,0.35997331388661513
1135,0.3574436183770681
1136,0.3558860524306773
1137,0.3192738403690333
1138,0.335943108550687
1139,0.31889625309580105
1140,0.3388658037251884
1141,0.35585169798863936
1142,0.346696453703022
1143,0.3868731160625786
1144,0.3719881840376969
1145,0.3676087916547251
1146,0.361086069537004
1147,0.37464449223168605
1148,0.3555601794194972
1149,0.3609156905572549
1150,0.36450721289060617
1151,0.35518131971178946
1152,0.3864416988852649
1153,0.39372717580235234
1154,0.3813929702380301
1155,0.35457536646816323
1156,0.358415042536093
1157,0.3605101778128544
1158,0.34557828123866347
1159,0.35162582318124447
1160,0.34303778117189687
1161,0.32273628602562054
1162,0.3369181979889868
1163,0.33541560385536606
1164,0.35695347035399777
1165,0.35619974118867753
1166,0.3629830217847356
1167,0.34980441857838745
1168,0.34606979128187015
1169,0.3435591760538355
1170,0.36985761386153027
1171,0.345387584599139
1172,0.3608953020179712
1173,0.3778354590035695
1174,0.37931909166156574
1175,0.3735057923291964
1176,0.34523733222484604
1177,0.32621189430294295
1178,0.3336465086134338
1179,0.3324975748680723
1180,0.3406669007915293
1181,0.33125815754839677
1182,0.32302783050797035
1183,0.3338245267019128
1184,0.34822689214051494
1185,0.31629159242021576
1186,0.31009468183970107
1187,0.3131850035773142
1188,0.31971578705611736
1189,0.3212695025192068
1190,0.33255531890048756
1191,0.35287836078303836
1192,0.342132529912525
1193,0.36501890414001337
1194,0.38209661841376447
1195,0.3732622315214252
1196,0.3387519676890504
1197,0.35291484073880397
1198,0.361568717734091
1199,0.33490590682610044
1200,0.3384711305989882
1201,0.3416877735481853
1202,0.3374021881838314
1203,0.3326963359994857
1204,0.3623978204685725
1205,0.34191932437520905
1206,0.35271326965592137
1207,0.36849984601360547
1208,0.39120122096991716
1209,0.41379335828209995
1210,0.40060117884039986
1211,0.3886378560757966
1212,0.3884541586348192
1213,0.36933917621131396
1214,0.3650439125792088
1215,0.35346835938804533
1216,0.3278656052151402
1217,0.31982154327181256
1218,0.3173131747600221
1219,0.32098969581506465
1220,0.3317771355644039
1221,0.3159679046739589
1222,0.34455710096215575
1223,0.35315444528111256
1224,0.3437795020744792
1225,0.3166598266158881
1226,0.32960577036654676
1227,0.3310966864826928
1228,0.3191164088022298
1229,0.30667820026323267
1230,0.30613703099874484
1231,0.30778113340319163
1232,0.3407640500380984
1233,0.36856005429610295
1234,0.36374671004019954
1235,0.36481183084677204
1236,0.3684280166473409
1237,0.37373893259143126
1238,0.3860137964164072
1239,0.3726463103031275
1240,0.3857180241873564
1241,0.3732220321839943
1242,0.3708553069110816
1243,0.3755020474214913
1244,0.37787900421599596
1245,0.4071971672714268
1246,0.41664669052721487
1247,0.4141627781056847
1248,0.4231297934021119
1249,0.4070425940822566
1250,0.4457726253765682
1251,0.4236871106259749
1252,0.4222557220385887
1253,0.4354570514023528
1254,0.4245239963992614
1255,0.4053104334426344
1256,0.3920862517282457
1257,0.40806290036796466
1258,0.3958074842545918
1259,0.38093366098879344
1260,0.3739706413656259
1261,0.35264075169483383
1262,0.3707628865095819
1263,0.3500902973819714
1264,0.3604300183621454
1265,0.33487794776373686
1266,0.3367855356825307
1267,0.36272134505759507
1268,0.3687301019206185
1269,0.3752268256001535
1270,0.3579771398998589
1271,0.35337960481424824
1272,0.3737217083665836
1273,0.38677512185348717
1274,0.3932402094824526
1275,0.36084805949809345
1276,0.3624731054666634
1277,0.385081397401618
1278,0.39184748458015733
1279,0.39518936347409966
1280,0.41965571098769466
1281,0.39746315549410044
1282,0.38093754769574295
1283,0.3982607784691703
1284,0.4046923643896025
1285,0.41184719206840414
1286,0.39974509847872836
1287,0.395406101252866
1288,0.41137446364396474
1289,0.3992365400163189
1290,0.40397786038962946
1291,0.41985126016657487
1292,0.43557115323396434
1293,0.4481034496688144
1294,0.4203905695244357
1295,0.4490167554661128
1296,0.43043534343030443
1297,0.4367611595233047
1298,0.4276828726659807
1299,0.4171544381977228
1300,0.4196267645087194
1301,0.4212673087143952
1302,0.4266246692599669
1303,0.4156881056633879
1304,0.41141340705459306
1305,0.4250012528345548
1306,0.4264430287792576
1307,0.40558837291506356
1308,0.405966344745783
1309,0.39447692297141423
1310,0.38989081824287714
1311,0.40174553645037864
1312,0.38212463220921056
1313,0.36346156384419054
1314,0.37345411416322344
1315,0.3551631547176808
1316,0.36621237059667705
1317,0.3528870705823537
1318,0.33664093771681497
1319,0.3529086621251692
1320,0.34528353407578455
1321,0.34901320226987154
1322,0.3704314868830115
1323,0.3602139562844292
1324,0.3383260736994541
1325,0.32675494527763455
1326,0.3215963485233506
1327,0.35477248836570163
1328,0.3482223834068937
1329,0.3766998173078751
1330,0.3744187516668476
1331,0.3598309595948011
1332,0.35043029458167135
1333,0.3475668679862642
1334,0.3603408674396659
1335,0.3497895110253111
1336,0.33549449671235415
1337,0.3510983366663009
1338,0.37465334588358135
1339,0.33005777086677207
1340,0.3610776985062338
1341,0.35439886859378467
1342,0.3419559915641837
1343,0.31817172610432276
1344,0.33450174527039006
1345,0.32350444917671783
1346,0.3207216711925489
1347,0.3266598423518365
1348,0.3070000229989084
1349,0.32909317286663176
1350,0.30835960567628196
1351,0.36485690153820455
1352,0.3602877240847722
1353,0.32977137466697914
1354,0.3501476606505879
1355,0.33311344689240774
1356,0.3214399189887565
1357,0.3281674857768188
1358,0.33873047417768226
1359,0.34791416344355397
1360,0.32567531291019025
1361,0.3425238050082573
1362,0.3176860550978705
1363,0.31651242420086345
1364,0.3135965417594993
1365,0.34319688585443736
1366,0.33955355240670637
1367,0.3314624478453896
1368,0.3212961492215599
1369,0.32925143303612175
1370,0.3249489018049642
1371,0.34122090904004165
1372,0.3180445281035271
1373,0.30539345983828614
1374,0.3010788117282886
1375,0.3100224338969801
1376,0.2755086544512439
1377,0.3336015693526942
1378,0.33959888033814095
1379,0.35135765896600113
1380,0.3512172909311591
1381,0.3494874915469021
1382,0.34151926451009784
1383,0.3309337694051534
1384,0.3041821982423705
1385,0.3076964517001191
1386,0.31778092209008185
1387,0.30583044890369504
1388,0.31142294049443225
1389,0.3231974320962556
1390,0.3317319779471845
1391,0.3544812868151783
1392,0.37746256967150754
1393,0.3712566003819891
1394,0.35901023077510413
1395,0.33156463415338294
1396,0.32205411194691447
1397,0.3336715160106164
1398,0.35979610896282216
1399,0.35420259343018995
1400,0.36164075188325023
1401,0.3618750372145474
1402,0.37186172960349195
1403,0.3603911028664857
1404,0.34749498680455276
1405,0.3610730891361336
1406,0.3735089870670619
1407,0.3710100419853721
1408,0.35742122352481204
1409,0.36826291217697876
1410,0.393959972218317
1411,0.3897044493009975
1412,0.378793541196471
1413,0.3542885888369208
1414,0.3563328722815744
1415,0.33540799924750586
1416,0.36385486524308397
1417,0.3463550205646726
1418,0.36155541567561894
1419,0.3643477532108302
1420,0.3611781749538362
1421,0.34801440402886497
1422,0.34089504944745624
1423,0.33585048864908174
1424,0.337989352542023
1425,0.3347464095146482
1426,0.34438321416840195
1427,0.37039173648847695
1428,0.3816085485751136
1429,0.3770685747309732
1430,0.38040393968590724
1431,0.3740474477748202
1432,0.33495462686498384
1433,0.3343329485819856
1434,0.3519211920965811
1435,0.359805972726697
1436,0.3804527966671817
1437,0.3799914011990603
1438,0.3694167281461781
1439,0.39731433851956766
1440,0.3921389021837644
1441,0.38741893996987137
1442,0.41025637417340505
1443,0.4118380660947456
1444,0.4127285122473317
1445,0.4335656728572968
1446,0.42957129019516377
1447,0.40895596413843355
1448,0.3949335048898117
1449,0.4086411799784121
1450,0.43713301347875466
1451,0.404195235156413
1452,0.40902532799895425
1453,0.4079194476742296
1454,0.41190070051160266
1455,0.3764762858097212
1456,0.3788124141105636
1457,0.3723153613744221
1458,0.3923589090469212
1459,0.4108214041109535
1460,0.3934155399188342
1461,0.42037732293942315
1462,0.40706806262485173
1463,0.4184811351223784
1464,0.40907336550290174
1465,0.4094593692763275
1466,0.43068554707785583
1467,0.3986704635798069
1468,0.36195314941215806
1469,0.35701666232985313
1470,0.36518716838740745
1471,0.36182410251501723
1472,0.3570106979320692
1473,0.3499722396687967
1474,0.33606469639267356
1475,0.33142667588233393
1476,0.3301800615188267
1477,0.33412286971312255
1478,0.33269079443944133
1479,0.30129109269880494
1480,0.30035609055416157
1481,0.3163497062299923
1482,0.29687203394041894
1483,0.2928039615466231
1484,0.3049743971461032
1485,0.3279038157344419
1486,0.3147033821176029
1487,0.3108744782112693
1488,0.317026165198715
1489,0.3366597793884133
1490,0.3230438858379113
1491,0.34489841168047886
1492,0.3153981493023225
1493,0.3237807446000769
1494,0.35331229858880003
1495,0.3434447766179447
1496,0.3373855747738859
1497,0.37156174507551765
1498,0.38829153927124443
1499,0.36113303823171117
1500,0.344696639982752
1501,0.34153459383147916
1502,0.34199461269128745
1503,0.3169038447396161
1504,0.32259329760333577
1505,0.2999558873300554
1506,0.31670846375992806
1507,0.3181370658137071
1508,0.34981672995710295
1509,0.363612865634844
1510,0.37174372004226747
1511,0.38731375400927504
1512,0.3824033533281866
1513,0.4006268583631228
1514,0.3737032737141625
1515,0.39791852226129293
1516,0.3827176577510973
1517,0.3857813010049735
1518,0.3814830495937247
1519,0.4125304976630942
1520,0.39889590991319607
1521,0.3882105246751417
1522,0.394421122155367
1523,0.3863838687497045
1524,0.4077626018281858
1525,0.4105077380578593
1526,0.42811447512958517
1527,0.41330668867111137
1528,0.398132259416978
1529,0.4071349887076552
1530,0.3944749552951722
1531,0.37210853942558525
1532,0.4050773243406297
1533,0.39863416104039434
1534,0.36964666557027026
1535,0.3575105643129535
1536,0.3809839844656771
1537,0.3422241472513766
1538,0.35099920196489504
1539,0.3831945683097459
1540,0.3606750033364472
1541,0.38848259099026844
1542,0.38721809983139727
1543,0.4141544640243598
1544,0.4257209453442551
1545,0.4171081037000126
1546,0.3977743579552251
1547,0.368572006728904
1548,0.3596761702154403
1549,0.3821995442490596
1550,0.4004223254417256
1551,0.3876930793046596
1552,0.37574840650875996
1553,0.36436730378004445
1554,0.3231576880086397
1555,0.3594854941145325
1556,0.36303144123040926
1557,0.3705426212821461
1558,0.36154961199456587
1559,0.3665320606890653
1560,0.34276580245020793
1561,0.34256693821439116
1562,0.3686049898823773
1563,0.3647531205396323
1564,0.37381359262876246
1565,0.35900324652121135
1566,0.37005069687440756
1567,0.3539090393991446
1568,0.3435811530042013
1569,0.3656187554950372
1570,0.3701502086377254
1571,0.3408340095840711
1572,0.3327728425928068
1573,0.332215041271833
1574,0.3266015843604237
1575,0.343313999870224
1576,0.3317246217770625
1577,0.34459211531624906
1578,0.3427890341482566
1579,0.37722332182656015
1580,0.375990699224172
1581,0.34715794040208764
1582,0.3640628488440054
1583,0.33708458935586255
1584,0.35222076797320967
1585,0.33862440483720463
1586,0.3443169455681193
1587,0.3303190187234686
1588,0.33895877332216395
1589,0.3430873792160705
1590,0.33817401370753664
1591,0.3405270788261256
1592,0.33654857841015845
1593,0.3642082412715926
1594,0.3599170058681991
1595,0.3584450636042596
1596,0.35158664545489093
1597,0.3811209302569696
1598,0.361735881111878
1599,0.3741991256318699
1600,0.3558785089725032
1601,0.3533479234361312
1602,0.3765865392146351
1603,0.3839870939178072
1604,0.3839858362086149
1605,0.3526754157791384
1606,0.39317127771736854
1607,0.4117876802616349
1608,0.4185133591696821
1609,0.3918639156379002
1610,0.3821587291370325
1611,0.40807139375771856
1612,0.4259061795344273
1613,0.4424534662580129
1614,0.432697312847027
1615,0.4051985574321729
1616,0.3984847822565489
1617,0.38183581985644244
1618,0.35979699727855263
1619,0.360851442583907
1620,0.3525618836541981
1621,0.3414434511567822
1622,0.37212563122899345
1623,0.40243456310549186
1624,0.4227493004767808
1625,0.41492547973975663
1626,0.42322290548059827
1627,0.4276163671413647
1628,0.4201361625077937
1629,0.39075313833687153
1630,0.3827476803822827
1631,0.3852453626710938
1632,0.4134994068424759
1633,0.3738617794588364
1634,0.345156856876218
1635,0.34758534492603566
1636,0.3478420341421927
1637,0.3461491456133275
1638,0.345713571847804
1639,0.3404420279453853
1640,0.3318947900830881
1641,0.3309466791458864
1642,0.35260935659596443
1643,0.34729380309259145
1644,0.3627316005454767
1645,0.38436402107606565
1646,0.3872146372235706
1647,0.4057289986727622
1648,0.3829631998456552
1649,0.37071027266161066
1650,0.3515447603878867
1651,0.3716433048444987
1652,0.36457004833362827
1653,0.3677796176352213
1654,0.3554561823404201
1655,0.3705766173815396
1656,0.35845773551933013
1657,0.35155823701088834
1658,0.3323213980158348
1659,0.3337992275412055
1660,0.3392267735849531
1661,0.33976875652416433
1662,0.335761898558283
1663,0.32624533040283493
1664,0.34417641604874744
1665,0.35567221770970814
1666,0.38420490671377694
1667,0.38223504561789945
1668,0.35258887125919547
1669,0.3507665833038786
1670,0.3567399326888805
1671,0.3722188408179209
1672,0.35491390785705546
1673,0.3657696507088321
1674,0.3642225362583745
1675,0.3652487981670238
1676,0.358390552086839
1677,0.34695012958330557
1678,0.33587491675164677
1679,0.3490076585983804
1680,0.3483607175702727
1681,0.3543738675035201
1682,0.35864318537868645
1683,0.3565218009273738
1684,0.3424403607499746
1685,0.35705772686678783
1686,0.34065728778667204
1687,0.35885528103549047
1688,0.35472718808599074
1689,0.3435118829033532
1690,0.38350595343543875
1691,0.35337758185649604
1692,0.3627566103831624
1693,0.3509892253071826
1694,0.3374870347442636
1695,0.33526504918773753
1696,0.37273142638834195
1697,0.3900064330123841
1698,0.3855316493773007
1699,0.3683231474385416
1700,0.3632726142210323
1701,0.35318864404122413
1702,0.38466428890389465
1703,0.3787441855668689
1704,0.40423522929962835
1705,0.42557794003039806
1706,0.39576409523436784
1707,0.42468485709238185
1708,0.4102089879487846
1709,0.4091913195346317
1710,0.41265113927538694
1711,0.4025905056911515
1712,0.38236035648859473
1713,0.3765567524731623
1714,0.38751059516811626
1715,0.3935252310208505
1716,0.3725366013772118
1717,0.3949757754740517
1718,0.4026278948851636
1719,0.39914225452197394
1720,0.43094412123993997
1721,0.42456207713315314
1722,0.4250069018864242
1723,0.4357018213930051
1724,0.43990905209987236
1725,0.4105629184650966
1726,0.39812544956308665
1727,0.3957222296091248
1728,0.41573406672715446
1729,0.41810256464588996
1730,0.4285016688265425
1731,0.42121687018835363
1732,0.4256912985779784
1733,0.42298267844545434
1734,0.42696512605994386
1735,0.40261715135149195
1736,0.42280560455748617
1737,0.4020908986891373
1738,0.38796606326685995
1739,0.3584050305226789
1740,0.3689468947507936
1741,0.34451495480518696
1742,0.3630426319245875
1743,0.365257541310742
1744,0.3542232523717401
1745,0.346732738445956
1746,0.3147010068224895
1747,0.3281769100402908
1748,0.3293109876476707
1749,0.3515123056170591
1750,0.35805222664134456
1751,0.41227159118125906
1752,0.3922019534330775
1753,0.3847565645753301
1754,0.35148831144001014
1755,0.35667605821266407
1756,0.36964497578233235
1757,0.3481441372009799
1758,0.3673851424091488
1759,0.3292627481136973
1760,0.32228307633416875
1761,0.323858810099071
1762,0.33983567778080437
1763,0.3480571984438012
1764,0.3162751635537994
1765,0.3184672899403937
1766,0.3281689485431199
1767,0.33691501520684475
1768,0.358107083174617
1769,0.3506741314774728
1770,0.3453270978524877
1771,0.357161345064604
1772,0.33692487679608457
1773,0.35812136735737365
1774,0.32723079088272783
1775,0.32747998056976774
1776,0.33065416330631786
1777,0.3046583525621724
1778,0.2989989899507702
1779,0.3227681247202169
1780,0.31442760306632356
1781,0.3132001796954239
1782,0.3066853616866865
1783,0.3107614584000439
1784,0.3131380827925334
1785,0.32943491829043065
1786,0.3085051753831156
1787,0.30559706118970015
1788,0.31412383042915804
1789,0.3197757653280474
1790,0.3129007576253374
1791,0.3364725569559609
1792,0.32198257462935664
1793,0.3100824517105459
1794,0.29197511070497373
1795,0.30442530652935057
1796,0.2971490576483123
1797,0.3198679610113062
1798,0.35171414367453485
1799,0.356589563334964
1800,0.35237304053569485
1801,0.3345479027809507
1802,0.35630315279378755
1803,0.3438503419839811
1804,0.34677728497763577
1805,0.3495626366136714
1806,0.355200216610055
1807,0.3471454686905406
1808,0.37088765808392077
1809,0.33803059101279576
1810,0.3294157537046159
1811,0.3516103986802396
1812,0.352317337696252
1813,0.3614122871849056
1814,0.3627104506240484
1815,0.37306698114978853
1816,0.3762278828696059
1817,0.39149387281001174
1818,0.37763709943090135
1819,0.3825012914331269
1820,0.4052893950988171
1821,0.4279249196857932
1822,0.43122377874433254
1823,0.42536535004830694
1824,0.4373349435623948
1825,0.38516189954689906
1826,0.3879734219597494
1827,0.3919652353204777
1828,0.3876461683093128
1829,0.3967665686537687
1830,0.38439529316260707
1831,0.3859614296351046
1832,0.4020457811894024
1833,0.42466236785572264
1834,0.3988008017773354
1835,0.39770898762463547
1836,0.40094766708344426
1837,0.37543433848559954
1838,0.37524836950248736
1839,0.3779601973157699
1840,0.37626835323999513
1841,0.37071055334689584
1842,0.3827341873612934
1843,0.38086999330677085
1844,0.36838915787007165
1845,0.4010510446311958
1846,0.40059316762826014
1847,0.41022733518541055
1848,0.41678002873382425
1849,0.4212285211394917
1850,0.3825104141162193
1851,0.3688847218084058
1852,0.35031840067601444
1853,0.37073066767234103
1854,0.36497380232531035
1855,0.36853117499951826
1856,0.3653805003590288
1857,0.39155440085326704
1858,0.40288614744925766
1859,0.37806029468539265
1860,0.338046660958334
1861,0.3526725514510652
1862,0.362602621719179
1863,0.36930185611918914
1864,0.36416241421612894
1865,0.3490755936784247
1866,0.33962146031215934
1867,0.3175118528594852
1868,0.3198631430193176
1869,0.338909116733336
1870,0.3288384443724155
1871,0.3327882843037107
1872,0.34712869124587703
1873,0.35194465697511007
1874,0.37507318375086457
1875,0.38864952752167686
1876,0.4157044284340854
1877,0.40374075563551703
1878,0.45894670180602465
1879,0.42846833210174556
1880,0.4144786547062181
1881,0.42529585140095444
1882,0.4120582642220552
1883,0.43051480862641667
1884,0.4160035114387603
1885,0.40491417903491234
1886,0.4267708220169557
1887,0.43608705742252535
1888,0.42677620188382986
1889,0.433369613335465
1890,0.43042008142842053
1891,0.44630994149788034
1892,0.465347114181639
1893,0.45366518400949235
1894,0.4582601496840131
1895,0.4791541503804741
1896,0.46635122537061274
1897,0.4565542459791938
1898,0.4549479013944225
1899,0.43495981810501183
1900,0.44951905420601057
1901,0.4373267760757881
1902,0.44820634251618446
1903,0.4399033769428455
1904,0.4121862001418285
1905,0.42107113224036125
1906,0.4180462802084331
1907,0.3910058077426816
1908,0.4123822990133462
1909,0.4271980059740221
1910,0.42314759777760125
1911,0.43953572259975643
1912,0.4211405393277132
1913,0.4254170233976543
1914,0.44166482000081686
1915,0.4386895336832503
1916,0.4578138550348812
1917,0.4417837881683164
1918,0.4369336441684684
1919,0.41702188819137115
1920,0.4343867575517136
1921,0.41360551081616165
1922,0.39715745049943507
1923,0.418224500447354
1924,0.39068646453079964
1925,0.4279692714338455
1926,0.40474946407433926
1927,0.4494196965234486
1928,0.4441259515044277
1929,0.43862602370160636
1930,0.42220581210359515
1931,0.4314599415190662
1932,0.4424999652566049
1933,0.43577881655312256
1934,0.42409904619885513
1935,0.42652303020053123
1936,0.4423509929399323
1937,0.4318082654866537
1938,0.4419535323039238
1939,0.43326103123647647
1940,0.3959965033635367
1941,0.4051612809674699
1942,0.4107040762632155
1943,0.4374791977009161
1944,0.42989220733963734
1945,0.39379678589020933
1946,0.41270513900009925
1947,0.40732089104726665
1948,0.39449532025206596
1949,0.37908807053341437
1950,0.3780963178879364
1951,0.38486918199563086
1952,0.370656502344196
1953,0.362385920273508
1954,0.38545538187102574
1955,0.374606214886472
1956,0.3862892189622748
1957,0.3667512218672059
1958,0.3595919115146355
1959,0.370056996279238
1960,0.3835086356032589
1961,0.3616084374166752
1962,0.3761855219319061
1963,0.38807728651127826
1964,0.3860355387339136
1965,0.3794539665351056
1966,0.37770046087090914
1967,0.3693242142542122
1968,0.3556633061712719
1969,0.3637987231679146
1970,0.365707645201414
1971,0.35655567853539094
1972,0.37256946524766527
1973,0.39325920301009815
1974,0.3666643745877638
1975,0.3867798531939026
1976,0.3839989227075881
1977,0.37114815641643323
1978,0.38736950689274335
1979,0.4052993036513498
1980,0.3876979123128364
1981,0.394567950750513
1982,0.4087731154441295
1983,0.41166762960758574
1984,0.408483494160537
1985,0.3833612038199324
1986,0.37776182395014574
1987,0.39140003809579627
1988,0.37369519027409737
1989,0.369330599762188
1990,0.3786782339852052
1991,0.3906566238404961
1992,0.39119983783531476
1993,0.3706903872391478
1994,0.3668504417358536
1995,0.38994887391931976
1996,0.3763393995395229
1997,0.3570184282285843
1998,0.3596958176095609
1999,0.3772159419095196
2000,0.38770909136365633
2001,0.38455111487480625
2002,0.378679470991253
2003,0.3834612168735686
2004,0.38520920469721737
2005,0.38431964688778353
2006,0.36851250142100295
2007,0.3396249863694915
2008,0.35316864832399447
2009,0.3535517077537486
2010,0.37088831880216494
2011,0.38104800780304837
2012,0.3654589485234345
2013,0.3621888608857562
2014,0.3818662256740459
2015,0.37656922721751446
2016,0.3483392206038103
2017,0.32596438550977486
2018,0.34753696536774586
2019,0.3392791179355636
2020,0.365893203759136
2021,0.3370738710224428
2022,0.3482850171656374
2023,0.34371127555042913
2024,0.35985964036056683
2025,0.37276519760496624
2026,0.3623737559008313
2027,0.35107904067721474
2028,0.3353465163094003
2029,0.33777299464241767
2030,0.3496250777920363
2031,0.33033950101646414
2032,0.3354740394002396
2033,0.3348937340899019
2034,0.35680400160059195
2035,0.35541438041505147
2036,0.365297450913831
2037,0.36832172586273554
2038,0.412872813111891
2039,0.4210191834157917
2040,0.4294979683666704
2041,0.40911971655358986
2042,0.40345242672174664
2043,0.3825957445269699
2044,0.39149971224854957
2045,0.39432843217424274
2046,0.39757495938632254
2047,0.38978199617935855
2048,0.3899026965282558
2049,0.40888362022086916
2050,0.3689695189006613
2051,0.3778219234520141
2052,0.3684941902709182
2053,0.37043046376375777
2054,0.36033968892343005
2055,0.3511399785878945
2056,0.3678931923181494
2057,0.36875294415275234
2058,0.3515675136102083
2059,0.367183112319722
2060,0.37986286365412475
2061,0.3938678787619771
2062,0.38991916024486656
2063,0.3971902077007055
2064,0.4108402176207907
2065,0.37475639569095287
2066,0.3935518184930144
2067,0.35905052553895084
2068,0.33513553744329727
2069,0.34339659461403443
2070,0.3510334036519411
2071,0.3641293755343532
2072,0.3491647940690809
2073,0.34704504642759276
2074,0.3680008759829168
2075,0.3758111291950518
2076,0.36708635245680343
2077,0.36126783346282243
2078,0.3799102912409221
2079,0.38545138835778586
2080,0.3975664920194616
2081,0.39116098063751736
2082,0.3668407377229997
2083,0.37625364020467805
2084,0.38848733944162755
2085,0.37886102383321957
2086,0.4075653869611872
2087,0.39394091972158146
2088,0.4068649391351641
2089,0.4156400220474027
2090,0.4214234082326345
2091,0.4272072053547253
2092,0.4045734968037385
2093,0.3977890783847779
2094,0.39125452777294994
2095,0.38352812801171793
2096,0.39172976427757344
2097,0.4037105229291101
2098,0.4268646869876876
2099,0.44208567140632204
2100,0.4558042029608213
2101,0.44612727331854624
2102,0.412704816027463
2103,0.41285599012030877
2104,0.4184934707141761
2105,0.395846339999056
2106,0.39578209389036195
2107,0.42650965350105235
2108,0.4457707644696567
2109,0.4312031655964933
2110,0.45114611778516284
2111,0.44181059958138463
2112,0.4442168802374877
2113,0.4873059298539781
2114,0.47226198813422976
2115,0.4422532745351196
2116,0.44202155284545314
2117,0.4473913968937668
2118,0.46018864861125525
2119,0.4413343649586564
2120,0.4472111487612446
2121,0.44383931638211727
2122,0.42694109538503316
2123,0.45836390430321416
2124,0.4786489821298615
2125,0.4522121624730008
2126,0.44574554555345663
2127,0.42022823112035984
2128,0.43540077542856603
2129,0.44782707247488857
2130,0.4494265022641324
2131,0.44035769651480944
2132,0.4446887116261963
2133,0.4123749167929093
2134,0.43456094936997297
2135,0.427421280451545
2136,0.42593201851249723
2137,0.4335953316341396
2138,0.41722536719930065
2139,0.42416183658854334
2140,0.42370541752574525
2141,0.4372370703090274
2142,0.4439489220391015
2143,0.4539401217083338
2144,0.4500049865203675
2145,0.4643291689593459
2146,0.44949346997259687
2147,0.420245879824653
2148,0.4183731298596209
2149,0.4052214411159015
2150,0.40443462556513515
2151,0.4374600469533622
2152,0.48381292694245254
2153,0.469878154577657
2154,0.4563377633397131
2155,0.44035594497391484
2156,0.439540828187219
2157,0.46088989585288237
2158,0.4638034583903288
2159,0.4657969075525597
2160,0.43792981486505134
2161,0.43602421024315086
2162,0.42354988318964876
2163,0.42363184016691324
2164,0.4396911736845315
2165,0.4216856826636795
2166,0.41040641763490415
2167,0.40060660523063246
2168,0.4004011923021843
2169,0.39647248390926004
2170,0.39804098492768875
2171,0.41100063148246124
2172,0.38821239764746174
2173,0.4096665583700729
2174,0.4017601113546469
2175,0.39874695563979423
2176,0.41830298834534513
2177,0.45592863999427735
2178,0.43841135772880696
2179,0.41415697774261906
2180,0.4139359764978187
2181,0.4204845231103501
2182,0.4229068152400631
2183,0.4124210044337839
2184,0.4220098145540907
2185,0.42406978780163795
2186,0.4121173245905813
2187,0.43663076500225373
2188,0.43513730147650537
2189,0.44174181370760085
2190,0.4680878440965601
2191,0.4780549276279661
2192,0.4692105365647289
2193,0.42960548227518797
2194,0.4133853964337583
2195,0.4244726434139418
2196,0.4383668745405237
2197,0.4090627213443253
2198,0.4127592412533655
2199,0.4134267428625193
2200,0.42937288820161496
2201,0.446292067581761
2202,0.4341060034113374
2203,0.420217133686308
2204,0.4108142112625939
2205,0.41175407532828256
2206,0.4361584879516763
2207,0.4420964230951134
2208,0.4477663497398078
2209,0.4664994649604868
2210,0.4607459876625402
2211,0.4567669725746193
2212,0.4521336978831861
2213,0.43702294727962865
2214,0.45835710673410274
2215,0.45909607018762805
2216,0.46152872870683653
2217,0.4797664024709654
2218,0.5035638929900527
2219,0.47607301656142537
2220,0.46676862621724746
2221,0.46970349378935294
2222,0.4875239825870565
2223,0.4981083007936265
2224,0.482214761103508
2225,0.4761012768751125
2226,0.4687882966664824
2227,0.48989516545270967
2228,0.5015922554820853
2229,0.48998259565593
2230,0.4929818840479036
2231,0.4843729886245516
2232,0.4732309646331092
2233,0.47377591689687276
2234,0.49473490347612137
2235,0.480299678965808
2236,0.4698248568129507
2237,0.4397381689732121
2238,0.4495795985649892
2239,0.46785091985741756
2240,0.44280906499117173
2241,0.4347429596554651
2242,0.40868475181700226
2243,0.4158015919397744
2244,0.4022321482117852
2245,0.4080075050319209
2246,0.4039720627687023
2247,0.39858117140977856
2248,0.4186160319604469
2249,0.4202427239524262
2250,0.4160946845511934
2251,0.4117058390753367
2252,0.39459588502394555
2253,0.3813833907969465
2254,0.37895877569212044
2255,0.39221896190290034
2256,0.4094294139097967
2257,0.4183598688235393
2258,0.4319803491489212
2259,0.4245954736091458
2260,0.41567165127004774
2261,0.43663099320301013
2262,0.43206627419238114
2263,0.41533701219087243
2264,0.44341821030325146
2265,0.43772315511369997
2266,0.4406312307693412
2267,0.42937410598527276
2268,0.4109658164982811
2269,0.3885039991388686
2270,0.3727704650882791
2271,0.37117126415790497
2272,0.3560449526593794
2273,0.36044886806820936
2274,0.368510573834824
2275,0.3740249058163776
2276,0.4032548725973869
2277,0.3825262541334538
2278,0.38678052737604635
2279,0.36720860984671977
2280,0.3754109810879271
2281,0.38910747960436165
2282,0.38347305493177725
2283,0.40828108176217615
2284,0.4026178903196357
2285,0.4039631101530325
2286,0.39094934354851585
2287,0.4118304538363194
2288,0.41107131223825083
2289,0.4199876536566213
2290,0.4045535663660938
2291,0.38847220733483895
2292,0.40887872465378566
2293,0.40560277599694067
2294,0.44044562307249924
2295,0.42845559168805797
2296,0.43543647686382236
2297,0.43450625412928046
2298,0.43283246185214164
2299,0.4452050246675907
2300,0.44791991565928463
2301,0.43025307195613094
2302,0.4718081438571126
2303,0.4484800653475731
2304,0.4493222157249271
2305,0.4480252268259197
2306,0.45953345961477926
2307,0.44789242961579256
2308,0.4581227403890689
2309,0.45932031555620617
2310,0.4412944938826119
2311,0.45362179388525964
2312,0.4421763922414181
2313,0.44007187402521003
2314,0.4380870573065703
2315,0.4513755120300308
2316,0.46266593089864405
2317,0.4854429765073898
2318,0.4461110433418115
2319,0.4669819317603507
2320,0.4857926683084475
2321,0.4639976680381833
2322,0.4873856535240547
2323,0.47563201157950613
2324,0.48356487281879296
2325,0.4890914162555395
2326,0.5002360578374433
2327,0.4716181787926884
2328,0.4800062900114934
2329,0.43606163201376685
2330,0.4666463319729913
2331,0.4585118861046585
2332,0.4576676772767437
2333,0.4610022123056116
2334,0.4825853352755516
2335,0.4841668111604999
2336,0.46769179101663816
2337,0.485613655015684
2338,0.4420440193497852
2339,0.4272366254284214
2340,0.46094278991997545
2341,0.45193645946121863
2342,0.47254559127412565
2343,0.4710185671005599
2344,0.4610548286763501
2345,0.48130019197563345
2346,0.46438253911650573
2347,0.45850310245955606
2348,0.4836560381983956
2349,0.4641044792916233
2350,0.4554447604721379
2351,0.4789927945942678
2352,0.46704999149800597
2353,0.48077336590472014
2354,0.5040269574607034
2355,0.5013286174404634
2356,0.5113543920840409
2357,0.5054907683424609
2358,0.4765134050188335
2359,0.48562467212296423
2360,0.45716227746208227
2361,0.45538205586750685
2362,0.47887904556618105
2363,0.4611069157869586
2364,0.4730191182641058
2365,0.48003368301423
2366,0.44839703040828777
2367,0.4465055957590799
2368,0.46107598172381614
2369,0.4727311429765019
2370,0.46637559206716134
2371,0.4463242173898412
2372,0.4548810048444493
2373,0.4594607866680301
2374,0.45283365588102903
2375,0.4605666497280127
2376,0.4666315910048223
2377,0.4455139614642946
2378,0.45650806321353854
2379,0.4520499033989883
2380,0.45574450504512
2381,0.43973315928929746
2382,0.4343278108078641
2383,0.4404994909826189
2384,0.43451166203750025
2385,0.4230226968291732
2386,0.42200948404415106
2387,0.4225892713097047
2388,0.44973066243126314
2389,0.4353007630604642
2390,0.43754786025382186
2391,0.4474454516257748
2392,0.4077394931150433
2393,0.4001615790398755
2394,0.42084868106246776
2395,0.41410156924431085
2396,0.43259494991790015
2397,0.44634072331749947
2398,0.4540436716638637
2399,0.4350490886574514
2400,0.45995078354443236
2401,0.4603142620495006
2402,0.46791236528307
2403,0.43245627540030424
2404,0.412629200122657
2405,0.42399890663964485
2406,0.417031484085285
2407,0.4316154240013256
2408,0.4056836106992273
2409,0.41381695233585297
2410,0.3969295772722333
2411,0.40053983638204405
2412,0.40136234676905097
2413,0.4167832275753596
2414,0.43595188203803953
2415,0.42764823860809126
2416,0.4259367845135419
2417,0.44014960583338375
2418,0.42398056805148493
2419,0.4187596603704096
2420,0.3921177658907639
2421,0.3952966555173928
2422,0.41305713713148995
2423,0.38808771848318646
2424,0.4167329990587283
2425,0.42952060201387476
2426,0.4133391006755487
2427,0.4414428473809143
2428,0.44190200227518134
2429,0.42098543736245997
2430,0.41752705784047445
2431,0.41074836842460066
2432,0.43463682165327294
2433,0.4588767907589421
2434,0.4285931450001101
2435,0.433559375591334
2436,0.44836952399070745
2437,0.45481496247058373
2438,0.4539046575324288
2439,0.45320690117007506
2440,0.4504522382580607
2441,0.4577942209127104
2442,0.45469777995618005
2443,0.4318366055691461
2444,0.46020379322219496
2445,0.46965906890846976
2446,0.49651403878354367
2447,0.5266009683427811
2448,0.48484456705099416
2449,0.4921202792681289
2450,0.5131970699497109
2451,0.5322870854499963
2452,0.5101273918525159
2453,0.5078808512967979
2454,0.47872035099785815
2455,0.4956833574274141
2456,0.46015682593074725
2457,0.4793244787999601
2458,0.4728482427880118
2459,0.49688436289998755
2460,0.48238059282736057
2461,0.49532339598904096
2462,0.4860854106391089
2463,0.4735720502602608
2464,0.49151962830555146
2465,0.5049798082389496
2466,0.482340446029301
2467,0.4899048026158062
2468,0.48745295681541473
2469,0.4709456828994691
2470,0.4940654607620463
2471,0.4901758342851606
2472,0.4780933127940619
2473,0.5060078851141542
2474,0.5127170682774144
2475,0.5196517377723251
2476,0.5076968669458812
2477,0.5151057508395607
2478,0.4951358913082842
2479,0.4727360055282391
2480,0.4602268945151109
2481,0.46906546891601214
2482,0.49063474496458276
2483,0.48821122528919947
2484,0.49986883699901175
2485,0.5002026607033375
2486,0.4775304174026064
2487,0.4773699190008098
2488,0.468931311358453
2489,0.46778740088155973
2490,0.4805345745065912
2491,0.48277878704166105
2492,0.4803014781102249
2493,0.49683523197908847
2494,0.47346817685162484
2495,0.4661913724681922
2496,0.46942622774080683
2497,0.48046345361970666
2498,0.5004716193434932
2499,0.5151665100176606
2500,0.46608532739563935
2501,0.4774518000923747
2502,0.4519747773900812
2503,0.47866286472645125
2504,0.48212560222882705
2505,0.479428977728752
2506,0.4740824098998461
2507,0.4682515551328481
2508,0.46804548447508654
2509,0.4682786243713053
2510,0.4685638638548624
2511,0.4623841753567505
2512,0.463003315807363
2513,0.45979184329839323
2514,0.4486706087838259
2515,0.4443360693116559
2516,0.4367358136914023
2517,0.4487876254537002
2518,0.46245176453272874
2519,0.46462116304270584
2520,0.4457462781336103
2521,0.4110371059539501
2522,0.4200630759094688
2523,0.41735908779710806
2524,0.443161340764074
2525,0.43520319141489805
2526,0.4356201596892024
2527,0.44834879081947093
2528,0.44281987055201344
2529,0.45955451257419433
2530,0.4909796318536519
2531,0.477073705808485
2532,0.478520663243041
2533,0.5097888661212339
2534,0.5074687599704577
2535,0.4928676742308825
2536,0.5038840146676015
2537,0.47640464419680284
2538,0.4751104640427236
2539,0.4547653497833914
2540,0.48373152937787206
2541,0.46594751352559766
2542,0.46767126284766763
2543,0.4524260219829006
2544,0.46402704407313733
2545,0.4255482701478945
2546,0.4318534352789672
2547,0.44385368129342817
2548,0.46221620542306985
2549,0.4900267552993048
2550,0.4784751484074539
2551,0.4812903783010889
2552,0.4600232973374697
2553,0.44717854579572097
2554,0.44589994733155663
2555,0.44877792214068785
2556,0.4229802042592927
2557,0.44216673613014545
2558,0.45321625334272914
2559,0.4454098371774177
2560,0.45503464491134804
2561,0.45958710151785337
2562,0.44808430202941474
2563,0.4533874987058702
2564,0.44793503893638764
2565,0.4610434615529881
2566,0.46539297532188273
2567,0.46991838018477383
2568,0.4898638135150983
2569,0.5016991383601794
2570,0.4982299335518395
2571,0.4808777463895868
2572,0.5052314113642481
2573,0.48060037097502406
2574,0.5110657587654879
2575,0.47776360125530376
2576,0.46791463719956644
2577,0.46006032966959215
2578,0.4438764135932339
2579,0.4423533925578134
2580,0.4439943500037443
2581,0.4603432946041998
2582,0.4489827108582911
2583,0.45232178806533063
2584,0.4566645191275041
2585,0.4561797029457347
2586,0.4820758593723256
2587,0.49579960181335525
2588,0.48104518336125085
2589,0.49015155629678886
2590,0.4990627552840868
2591,0.4855119907011537
2592,0.4961664256056474
2593,0.48165416398049915
2594,0.4681024125293819
2595,0.47784057284948395
2596,0.4750887766895931
2597,0.45606098719207366
2598,0.45107134002783056
2599,0.4619341270218024
2600,0.471708349598698
2601,0.4642080237807595
2602,0.4779727911777445
2603,0.48755147589721504
2604,0.47598349037730786
2605,0.4990514630211026
2606,0.4964186067188751
2607,0.46641135838141196
2608,0.449187831371063
2609,0.4342059923067347
2610,0.4299887921279881
2611,0.429095951666301
2612,0.45815695366582276
2613,0.44152879244198434
2614,0.4597783441719732
2615,0.4618585727731432
2616,0.45516703623015115
2617,0.4262608227873488
2618,0.43966134525158657
2619,0.4425324038488161
2620,0.4439546451835501
2621,0.4338972932260074
2622,0.4284258405285727
2623,0.4262888925224177
2624,0.4380677278359742
2625,0.4171748027432956
2626,0.43127341410900905
2627,0.436682467006947
2628,0.4673713874472632
2629,0.5015305898901418
2630,0.5056779809675959
2631,0.49376783402480473
2632,0.4499579083821484
2633,0.45776796079702703
2634,0.4694983980535899
2635,0.4528943222651657
2636,0.4274715010708178
2637,0.44371883625435393
2638,0.4099694082955548
2639,0.4104289568059036
2640,0.39612133551171286
2641,0.3965355849283852
2642,0.3945901319353459
2643,0.39884248228081576
2644,0.39407034386423784
2645,0.421655942692119
2646,0.4369649805033124
2647,0.39718415815952474
2648,0.40539590946093346
2649,0.3801980739934523
2650,0.40473882707274417
2651,0.41273276261667424
2652,0.3942769483066579
2653,0.38957697773493877
2654,0.4133765924419893
2655,0.417494656075182
2656,0.40775855519972565
2657,0.45949204600362803
2658,0.4502550331804962
2659,0.4570941772504639
2660,0.44578355159149896
2661,0.4560865748257389
2662,0.4440728765384652
2663,0.4695849307823376
2664,0.46169362374363754
2665,0.4656941153416686
2666,0.4820942122303352
2667,0.4930188609065666
2668,0.4836420188787857
2669,0.485463850103533
2670,0.46710940028263587
2671,0.4611776922433783
2672,0.46594065955069985
2673,0.46675373207322823
2674,0.4854735517068818
2675,0.4794994624106787
2676,0.4742582896688111
2677,0.45978119404897744
2678,0.451854822491504
2679,0.44635326643433015
2680,0.44348744172921817
2681,0.44673122178479785
2682,0.4486112910381904
2683,0.43885394953136814
2684,0.46088601154828446
2685,0.4539984342504174
2686,0.49435109015026046
2687,0.47252133079848047
2688,0.47673824784452334
2689,0.4742376588616005
2690,0.48271017411454553
2691,0.4877867983436401
2692,0.4800830013054451
2693,0.4817472612240168
2694,0.4929973360978615
2695,0.4930174422064293
2696,0.47482541049403293
2697,0.4755109053027229
2698,0.49743870890722297
2699,0.46543623962965275
2700,0.47039807901530684
2701,0.46355726533953906
2702,0.4466722561132785
2703,0.4423735464907054
2704,0.441476322940178
2705,0.44840986706149466
2706,0.46772852124737446
2707,0.49811995068629894
2708,0.4994226675284972
2709,0.4693423935230243
2710,0.4789938663042137
2711,0.4761003973890676
2712,0.46752998966036563
2713,0.46517006886675255
2714,0.4442358947734899
2715,0.4485461528844579
2716,0.4674486503128134
2717,0.4699381576110966
2718,0.49745677167441266
2719,0.48940922090841527
2720,0.5125294623843298
2721,0.5125180700332946
2722,0.5386500217332324
2723,0.5357536237481262
2724,0.538401072138292
2725,0.532398384916324
2726,0.5350679329592031
2727,0.5138597259165834
2728,0.4949887804922557
2729,0.4919993777285379
2730,0.5010996226703156
2731,0.480439057143535
2732,0.4627837184384617
2733,0.4830112688890478
2734,0.4751967011963749
2735,0.4689153393895191
2736,0.4760693408894463
2737,0.4781063608756763
2738,0.4911264019315642
2739,0.4823056158262531
2740,0.4638706452230715
2741,0.4530214510639263
2742,0.43904773820613757
2743,0.4216058600846714
2744,0.4175595608180949
2745,0.40733607991632015
2746,0.4110405854259278
2747,0.4100196949455198
2748,0.4200990065600731
2749,0.42767790525487126
2750,0.42818410808687596
2751,0.42659740905899246
2752,0.4255060927415169
2753,0.4277449771371729
2754,0.40831152991839664
2755,0.402028739183227
2756,0.4223289133317573
2757,0.4193985667959367
2758,0.42744969832850366
2759,0.43270690874094087
2760,0.42823458048929547
2761,0.42213164965469546
2762,0.44057163316106196
2763,0.44804456279538357
2764,0.43829745201493275
2765,0.42972532101678285
2766,0.41344807809766015
2767,0.4289101358137343
2768,0.4246390586004622
2769,0.40660908410492574
2770,0.41552520328371007
2771,0.42826568631998646
2772,0.4234634260890776
2773,0.4269793172293665
2774,0.4048331604722467
2775,0.4044509759217448
2776,0.39421450098590294
2777,0.44085563058349886
2778,0.43957614001945317
2779,0.4222756718905733
2780,0.4448745304128515
2781,0.4404187310202945
2782,0.45052727097942
2783,0.45184864768944166
2784,0.4598044679485362
2785,0.4615871243261754
2786,0.4424598267028442
2787,0.44171887371823354
2788,0.45200271267810493
2789,0.45187972755208217
2790,0.4935628151416427
2791,0.4852754033062908
2792,0.507433155305265
2793,0.4730679236657574
2794,0.486846114369036
2795,0.4740058680974683
2796,0.47302063502311187
2797,0.492238813930971
2798,0.4626385632442352
2799,0.4884322262323645
2800,0.48197242763991965
2801,0.4785415991131467
2802,0.4628831888229112
2803,0.4705721488906721
2804,0.474733563071887
2805,0.4698035804515213
2806,0.47166539800438956
2807,0.49764123551564776
2808,0.50323181901681
2809,0.5202427662243626
2810,0.5083124099410312
2811,0.5090900164134626
2812,0.514375039485495
2813,0.5089382957063276
2814,0.513114926068294
2815,0.5176122928129717
2816,0.5197845238040651
2817,0.5044860609398755
2818,0.5184112618775468
2819,0.5098585441867007
2820,0.5011067936638329
2821,0.5026710802897747
2822,0.4883918090868815
2823,0.4811114871431689
2824,0.4750231864120831
2825,0.47896403030296675
2826,0.44556283580330486
2827,0.45787190739333655
2828,0.4726601398549233
2829,0.47465199805588365
2830,0.46957746426856656
2831,0.4720785381617036
2832,0.48972699413638565
2833,0.49450959342701006
2834,0.49377971606691295
2835,0.49025488226491704
2836,0.5020452094965536
2837,0.4964240026439498
2838,0.5231955521996092
2839,0.525569546908807
2840,0.520913820575432
2841,0.50743706233146
2842,0.5459077008805362
2843,0.5318840560683831
2844,0.5139921714021575
2845,0.5013721490793048
2846,0.5139635648291185
2847,0.4981786931038794
2848,0.4624342826434437
2849,0.4827388498621977
2850,0.47522119370223265
2851,0.4718964483911577
2852,0.45503759015992534
2853,0.4517617811876094
2854,0.476560564379192
2855,0.46523580902954664
2856,0.47215340013964396
2857,0.46817117221455185
2858,0.4454772147807279
2859,0.4287637429443781
2860,0.4566669034442529
2861,0.46065728335213957
2862,0.45960518647991105
2863,0.47293276738443835
2864,0.4796332729780465
2865,0.4784812312381948
2866,0.4712121305086608
2867,0.47050044633185517
2868,0.4665752817963181
2869,0.46006419375389995
2870,0.4413886116677729
2871,0.47427365557031853
2872,0.47811567463097165
2873,0.47820745010894394
2874,0.4868434941830808
2875,0.48123646141637755
2876,0.4691742472698451
2877,0.4634305356315995
2878,0.47795955882443025
2879,0.4589325949573578
2880,0.4770814413260317
2881,0.4704024399285934
2882,0.4601712375311369
2883,0.45017770232779736
2884,0.4814828593871683
2885,0.494477880750364
2886,0.49942138097200894
2887,0.4649430489024074
2888,0.4761812582239332
2889,0.47329956931592626
2890,0.4647832082573452
2891,0.5053570457250092
2892,0.5387454411018003
2893,0.5151396695283876
2894,0.5135133388679834
2895,0.5023251838824585
2896,0.4930564411727813
2897,0.5129837668912237
2898,0.5194223407400138
2899,0.5326750652906076
2900,0.5194802275281535
2901,0.5198086392933166
2902,0.48072054318806823
2903,0.5000512084241295
2904,0.4979026476264341
2905,0.5021441893672888
2906,0.5229268958253683
2907,0.5043651421522343
2908,0.49213413803553613
2909,0.5050594927679812
2910,0.4945804243422977
2911,0.5024138233925523
2912,0.4986292583044921
2913,0.49038434086671534
2914,0.5150624095051234
2915,0.5003319890535625
2916,0.5176204695131635
2917,0.5152417737093363
2918,0.5002211969281412
2919,0.4864743933181185
2920,0.4934796294944314
2921,0.46092461253140105
2922,0.47041233997215115
2923,0.48509092394455244
2924,0.46420105038573456
2925,0.4813690707900249
2926,0.46610976130199977
2927,0.4922652245900517
2928,0.46608264418580647
2929,0.4823308206025568
2930,0.48998604979054905
2931,0.4922178488845127
2932,0.47817961068607806
2933,0.495935042021644
2934,0.49682423405723874
2935,0.5090524507902666
2936,0.47951388646991455
2937,0.4686430177085819
2938,0.4951182855184571
2939,0.4978184384212272
2940,0.507525809474062
2941,0.4952742476555633
2942,0.47810676550561687
2943,0.46499313002910037
2944,0.47363320389496755
2945,0.469272482814536
2946,0.46415882948904236
2947,0.47058389122082983
2948,0.4792115346169114
2949,0.4774896526362402
2950,0.47613652763992503
2951,0.48525148308471455
2952,0.4927596076264895
2953,0.45654549022163887
2954,0.4606085452974071
2955,0.4527233102854226
2956,0.4721266297942709
2957,0.4836971908402369
2958,0.49196674118135664
2959,0.5059074202932189
2960,0.523244764370069
2961,0.5355365301876339
2962,0.5187478663116843
2963,0.5254631554767545
2964,0.4989909413944514
2965,0.511305090300499
2966,0.5266854810752863
2967,0.4999435190831357
2968,0.4869499704678638
2969,0.4837969286380217
2970,0.48718499390055053
2971,0.5214308980153227
2972,0.5352285159011264
2973,0.5115296969911144
2974,0.49734316060330813
2975,0.5093693362235125
2976,0.5222596076094238
2977,0.5219142746567031
2978,0.5212151298519213
2979,0.5394218606385731
2980,0.5280029377065341
2981,0.5140751213351528
2982,0.5185453920506812
2983,0.5044426788298404
2984,0.5028414689814624
2985,0.47026270956968746
2986,0.5000293448337647
2987,0.4783427307915439
2988,0.4890942062168196
2989,0.482949310765781
2990,0.4526581970028851
2991,0.44633637763142653
2992,0.46174884572169256
2993,0.44847935727259897
2994,0.4645774121424789
2995,0.4882731504519627
2996,0.470290832995826
2997,0.4740969501434854
2998,0.46734682282316586
2999,0.4776521699922674
3000,0.4843266737152477
3001,0.4865605299065865
3002,0.4875050294201113
3003,0.5032668767625014
3004,0.4806400272319474
3005,0.49003372499244274
3006,0.49989165271466746
3007,0.5074241639157585
3008,0.5046340750437102
3009,0.5274152483385267
3010,0.529038375194125
3011,0.5341820374401127
3012,0.5345930502560042
3013,0.5123747151790573
3014,0.5309889685723632
3015,0.4904912561843065
3016,0.52680950909138
3017,0.5373358023608789
3018,0.5217331604746145
3019,0.5125483446944192
3020,0.5233166955409634
3021,0.5363896640631898
3022,0.5090972438580709
3023,0.49340215064852394
3024,0.49217789707991405
3025,0.4827081375009438
3026,0.5005181390082706
3027,0.5169095073413952
3028,0.5019247361692932
3029,0.5136553746988138
3030,0.4797290765202026
3031,0.4933800526875912
3032,0.4569917164818393
3033,0.4813246822603589
3034,0.5024455521035541
3035,0.523817904500223
3036,0.5286017457327442
3037,0.546467408042532
3038,0.511571556090068
3039,0.5202266211442326
3040,0.4979380007004299
3041,0.4809307474549196
3042,0.45420382795647535
3043,0.4489330219122304
3044,0.4707442503768392
3045,0.47659971822151986
3046,0.4829929171443463
3047,0.46804108948536566
3048,0.4660695191872101
3049,0.4598089295066473
3050,0.4877209198399647
3051,0.47828944023866155
3052,0.463691618428257
3053,0.4692918543495351
3054,0.47063475382000364
3055,0.4683146155957463
3056,0.4783387460805684
3057,0.47192397255037305
3058,0.4673171550521092
3059,0.4751966854290792
3060,0.4699400007668346
3061,0.47539832872915655
3062,0.47703120134726185
3063,0.4890893215469942
3064,0.48977757575817665
3065,0.49373756564317733
3066,0.4892415283313023
3067,0.4674575465870773
3068,0.4625263239991541
3069,0.47151982796849917
3070,0.4749462378134755
3071,0.485744490801644
3072,0.49874953260734867
3073,0.5160354148085635
3074,0.5170111220506417
3075,0.5047828416177393
3076,0.5008238243418035
3077,0.4928327756937457
3078,0.48084409264617073
3079,0.48482996741263745
3080,0.4633168183479377
3081,0.4744271371964613
3082,0.49036055446149207
3083,0.47984586265850204
3084,0.4741662106635406
3085,0.457594121233865
3086,0.4646678371447172
3087,0.5048835937599351
3088,0.4646605237793752
3089,0.46860520883029
3090,0.4818004976470874
3091,0.49723521673702936
3092,0.5097708742108998
3093,0.500429656509444
3094,0.5201236818998809
3095,0.4947490002337192
3096,0.4932470830243809
3097,0.5002493565505064
3098,0.49824228192200176
3099,0.5355006972119992
3100,0.5183337823556423
3101,0.4837070628400649
3102,0.5154634874439535
3103,0.5249075752056098
3104,0.5130570807687084
3105,0.5107966902752691
3106,0.4961167219617249
3107,0.5087806089287044
3108,0.5109213898684754
3109,0.5079287335027187
3110,0.5030415386887356
3111,0.5108985041734478
3112,0.514027920578043
3113,0.4995953962239775
3114,0.481781150599384
3115,0.48286774365621443
3116,0.501232564199186
3117,0.5008585593103856
3118,0.50280293903046
3119,0.5235916342090912
3120,0.526142396619085
3121,0.5278261613131595
3122,0.5087447856602396
3123,0.53527531131534
3124,0.5141658444626767
3125,0.5046485325844554
3126,0.5126516476011634
3127,0.5214140149434887
3128,0.5045946839789899
3129,0.5057020885594884
3130,0.5366228451081756
3131,0.5195242891675025
3132,0.5179632010814604
3133,0.5280853020284557
3134,0.5432045398245343
3135,0.5238287310288856
3136,0.5287553778474414
3137,0.5270184963602563
3138,0.523765844170769
3139,0.5208501319160506
3140,0.518217396788918
3141,0.49523399509322624
3142,0.5004736674740755
3143,0.49364131740843903
3144,0.5153091705898796
3145,0.5090474417260754
3146,0.5107360060672328
3147,0.5167774788623435
3148,0.5234928736820058
3149,0.5034009079897452
3150,0.507401067898717
3151,0.4832109953902802
3152,0.4853805787263456
3153,0.48738386736664335
3154,0.4904905479448041
3155,0.49919771765926285
3156,0.5200359683133493
3157,0.48043984197096273
3158,0.4826678942892989
3159,0.4818771998645609
3160,0.48919260820931076
3161,0.5071951342381895
3162,0.5195800436592944
3163,0.5330242916410954
3164,0.5328052123610908
3165,0.5345901951689371
3166,0.5223541675095572
3167,0.5210394404755856
3168,0.5075771432095703
3169,0.5104051899951323
3170,0.5166300580475705
3171,0.5277677664067769
3172,0.5266828296742585
3173,0.5054863727041649
3174,0.5086344792497907
3175,0.5312214874290802
3176,0.5025779859255023
3177,0.48056039010375823
3178,0.4798855678625959
3179,0.477659949384028
3180,0.5015740107465922
3181,0.4810423094905359
3182,0.4993280277772942
3183,0.47642920410442224
3184,0.47288104921066615
3185,0.46205651504719125
3186,0.46192201187050985
3187,0.45748406934870106
3188,0.4634673721476196
3189,0.4781231143540504
3190,0.4901582414382264
3191,0.4808428054041479
3192,0.4898936743326976
3193,0.4539810362872581
3194,0.4713888603953683
3195,0.45819677977079765
3196,0.4832062315006821
3197,0.4842568227853763
3198,0.4972686856054754
3199,0.4866959251283065
3200,0.48705682177297643
3201,0.47899356889188405
3202,0.48804374543049106
3203,0.4903831778435613
3204,0.4815102446570747
3205,0.514740789303789
3206,0.5258400205255785
3207,0.5323813448666048
3208,0.5032235567893218
3209,0.5215727383591077
3210,0.5207803585338528
3211,0.5241487549038966
3212,0.5309941145694076
3213,0.5428182614533705
3214,0.5594948363095488
3215,0.5550845744407933
3216,0.5509376237781857
3217,0.5623629479580753
3218,0.551750836451407
3219,0.5410580683991829
3220,0.5739899911592132
3221,0.5460493826738794
3222,0.5407681264225063
3223,0.5218079321718209
3224,0.542119573394657
3225,0.5144843368712819
3226,0.5014457766466907
3227,0.501854095009982
3228,0.49390912089537753
3229,0.4909753435056927
3230,0.49158999475743953
3231,0.4998417772483534
3232,0.5016193439155111
3233,0.49057563523756537
3234,0.4968528404562114
3235,0.4966147883755506
3236,0.49803027263182714
3237,0.4967154844410162
3238,0.4918530960052042
3239,0.5096755303608235
3240,0.491461213984829
3241,0.5043086896121565
3242,0.48564130602622096
3243,0.4948873926675393
3244,0.499697149849955
3245,0.488370648937277
3246,0.5030965120096814
3247,0.4844826875416623
3248,0.47287659268735965
3249,0.4685196577596631
3250,0.4695553621395835
3251,0.4625833731462806
3252,0.46844145161639134
3253,0.4942344649754842
3254,0.487102109203027
3255,0.49850450206967534
3256,0.5116091190095152
3257,0.5073364494255136
3258,0.49940246921135323
3259,0.49648697286307397
3260,0.4912729557918652
3261,0.485541537351958
3262,0.49126751840565785
3263,0.51737662565233
3264,0.5223169541414583
3265,0.48782039855097686
3266,0.5140702921278186
3267,0.5052156442604727
3268,0.5279304598629311
3269,0.5282166409419673
3270,0.5168009617033092
3271,0.520352890666508
3272,0.4752073317169856
3273,0.5011301799362223
3274,0.5209009589043847
3275,0.5095352619478689
3276,0.5337446541100465
3277,0.5346039754289225
3278,0.565268617771181
3279,0.5697160280467767
3280,0.5376377148863529
3281,0.5035316341998555
3282,0.5173797666621666
3283,0.5092630517897001
3284,0.5094720089594345
3285,0.5328016036521308
3286,0.5456445086831947
3287,0.560708459128639
3288,0.5625704924877982
3289,0.5556623670093117
3290,0.5156421139306766
3291,0.4866763786997214
3292,0.48410750778366973
3293,0.4768958762145988
3294,0.485747970492993
3295,0.498329245056791
3296,0.4934517680700779
3297,0.49813974409928874
3298,0.47107038995129186
3299,0.4740041984094045
3300,0.46063733016571456
3301,0.45138327077348955
3302,0.4608565495031797
3303,0.4721502777489268
3304,0.48835080548026166
3305,0.47723134851994453
3306,0.4950722908909164
3307,0.5080888285085372
3308,0.5062053957756203
3309,0.5014337011467193
3310,0.4867691872234883
3311,0.460050802822723
3312,0.4738904060829528
3313,0.47816281075587985
3314,0.478876429895217
3315,0.4884274908335843
3316,0.4890982337051541
3317,0.4850375244906245
3318,0.4688712031914278
3319,0.4789612602770325
3320,0.4721904235049737
3321,0.47247993680315636
3322,0.47567562893759346
3323,0.48105453306598034
3324,0.46897461460458806
3325,0.4656445225898222
3326,0.4788368507746461
3327,0.5050344377231636
3328,0.5102432857264059
3329,0.5109163398915794
3330,0.5011192827056945
3331,0.48713196637358236
3332,0.46523545057721666
3333,0.45543549360740904
3334,0.46558405879486947
3335,0.4887548744339586
3336,0.4728225343905718
3337,0.4779765804732085
3338,0.4352413838360863
3339,0.44363399996621034
3340,0.46366934577641755
3341,0.47870819271272863
3342,0.47912096175857133
3343,0.46760521696386487
3344,0.44847013620158116
3345,0.45527276827806895
3346,0.4677453699602147
3347,0.4451963364489043
3348,0.4458097492412699
3349,0.45050086646272924
3350,0.4755479702480108
3351,0.46412849795596756
3352,0.4507721681778721
3353,0.43462834290510755
3354,0.45092277102487205
3355,0.4454893497576812
3356,0.45143160765337587
3357,0.46991551201770654
3358,0.47372357279305455
3359,0.46554726384966716
3360,0.4753294486641115
3361,0.47041844553521944
3362,0.454653870889411
3363,0.46633873166711604
3364,0.4973588905236865
3365,0.4905523749115917
3366,0.4873396760897217
3367,0.4653430947277699
3368,0.4956454844379264
3369,0.49234293495470355
3370,0.5136143696114392
3371,0.5368917728003184
3372,0.5142693152157118
3373,0.5275619813975712
3374,0.5252033404696289
3375,0.5211917692888671
3376,0.5324696366771279
3377,0.535679988886652
3378,0.5336101423778928
3379,0.5170325043957198
3380,0.509800791955292
3381,0.5163560722999531
3382,0.49988153378527755
3383,0.4842356281670923
3384,0.5112244166439998
3385,0.5063026504299895
3386,0.5067029795182477
3387,0.48976676616639175
3388,0.5071820594481466
3389,0.5172677402728361
3390,0.5097713368370671
3391,0.521313116864688
3392,0.5330911075447787
3393,0.5230886264344708
3394,0.534008129049277
3395,0.4974984478727359
3396,0.5039236157527005
3397,0.5129789857807581
3398,0.5138323568622528
3399,0.5287876214644729
3400,0.4874839240214724
3401,0.5021055552972918
3402,0.5023420883608553
3403,0.5032070440158556
3404,0.48434680219012666
3405,0.479339214393538
3406,0.4603543744611446
3407,0.4663179114878286
3408,0.48040505106275777
3409,0.45837717208495626
3410,0.43663019647470186
3411,0.4426101005027755
3412,0.47196432898491236
3413,0.4834051628914678
3414,0.49645864221353725
3415,0.5077067212314953
3416,0.48975514640982
3417,0.4866803176169859
3418,0.49234367555143865
3419,0.49074472456697826
3420,0.4929364517506823
3421,0.5004285716372341
3422,0.49953920052927253
3423,0.5047348367559686
3424,0.47911240114946757
3425,0.48660373490190306
3426,0.502868791418248
3427,0.5084087359153925
3428,0.5029656661052307
3429,0.5110256282283094
3430,0.5183506250631996
3431,0.5230664400395749
3432,0.5214871147863419
3433,0.531572236680964
3434,0.5214652980042791
3435,0.5312870240429417
3436,0.5128948868204828
3437,0.49702809935020276
3438,0.5153036322929796
3439,0.5419608651156422
3440,0.5314840520606305
3441,0.5518883159725152
3442,0.5482729214872735
3443,0.5516284531424958
3444,0.5360099661386198
3445,0.5139073468885176
3446,0.5126735570949253
3447,0.5293599866933429
3448,0.5172704503735086
3449,0.5211062601729578
3450,0.5555513688503418
3451,0.5399179669444587
3452,0.5374082879647336
3453,0.556184274928651
3454,0.5316055763946917
3455,0.5185469989711976
3456,0.5154992403217259
3457,0.5123262807243492
3458,0.5242466448843079
3459,0.49832841436984093
3460,0.5022774697970422
3461,0.5100154142911317
3462,0.48775534897785205
3463,0.5066239345822644
3464,0.5032470697320522
3465,0.5110867527140849
3466,0.5199308213841125
3467,0.4860008187851812
3468,0.4826648241637398
3469,0.48038047571689935
3470,0.46364378507055104
3471,0.48900445687748
3472,0.49266122082544495
3473,0.49702260675521187
3474,0.48703373620348195
3475,0.4613020546906698
3476,0.4645502659596187
3477,0.48945198356938885
3478,0.4687152563006109
3479,0.478203994329042
3480,0.5217202900287246
3481,0.526392760983367
3482,0.5387760255422986
3483,0.5072633600123243
3484,0.5261948984232817
3485,0.535388258021156
3486,0.5317173020811267
3487,0.5506561675955395
3488,0.5326601806618084
3489,0.5293528410467228
3490,0.5230349155391951
3491,0.5316912574426779
3492,0.5179859955455435
3493,0.5051165989074734
3494,0.5056311900504891
3495,0.5170578636092575
3496,0.5179292001284821
3497,0.5129605287873009
3498,0.5017947805274914
3499,0.504634925325981
3500,0.5052399277331218
3501,0.49094281787800914
3502,0.4836293875747846
3503,0.48718191576794706
3504,0.48932957451179876
3505,0.4815560549032301
3506,0.4871087001698945
3507,0.4925456335846228
3508,0.5006484390352325
3509,0.49590257809207433
3510,0.4756681759878697
3511,0.4911867891660136
3512,0.504822517289003
3513,0.5275421939898643
3514,0.53052481382749
3515,0.5240104507120896
3516,0.5372736448841514
3517,0.5342007660986501
3518,0.5222629681274384
3519,0.5217487582203459
3520,0.53195513188405
3521,0.5082523545601698
3522,0.5245899817796534
3523,0.507074252963001
3524,0.5046782631504813
3525,0.4990244829844073
3526,0.5249083721807106
3527,0.5213623471332608
3528,0.5342547046283713
3529,0.5494192692316078
3530,0.5238906866115014
3531,0.5078396002670316
3532,0.5140111076024192
3533,0.5236455995199663
3534,0.51264586530879
3535,0.5262748015114728
3536,0.5485083954916873
3537,0.5556809399346567
3538,0.5590608964197616
3539,0.5408131992253854
3540,0.5416660651665993
3541,0.5556507316607027
3542,0.5427017937870231
3543,0.5264482033470843
3544,0.5181726921455388
3545,0.5378666548232708
3546,0.5390919106160394
3547,0.5497393878653828
3548,0.5690641569554847
3549,0.5640230081820218
3550,0.5751602595257146
3551,0.5955074911653537
3552,0.5914826873296425
3553,0.5845328013702284
3554,0.5956211537612386
3555,0.5644468651466961
3556,0.5841539521649107
3557,0.5918018951073098
3558,0.5963669874326589
3559,0.5992238446871326
3560,0.6065609833543218
3561,0.5766323177928383
3562,0.572677698533944
3563,0.5953925326253297
3564,0.575571423756765
3565,0.590639125427016
3566,0.5797907283073523
3567,0.5861500042471632
3568,0.5717878026627212
3569,0.5536373038814553
3570,0.5381367086639597
3571,0.5249891502304183
3572,0.5150060911214241
3573,0.5223683364402373
3574,0.5209345677589953
3575,0.5451320245170518
3576,0.5542815582172139
3577,0.5584973925048778
3578,0.5625443648173991
3579,0.5376668536810314
3580,0.5417923501819569
3581,0.5407094913596436
3582,0.5517693994120597
3583,0.5734046613190237
3584,0.5646658593381466
3585,0.549479190165424
3586,0.5607841644691234
3587,0.5641400195321473
3588,0.5768126464071219
3589,0.5595849564682627
3590,0.5621819759010188
3591,0.5478762677967807
3592,0.5515601408813163
3593,0.5543481997757385
3594,0.5505967710682683
3595,0.5516134684804881
3596,0.5441997849397263
3597,0.5377107728114481
3598,0.5244540923971749
3599,0.5181749792260605
3600,0.5014236037061566
3601,0.5039529368900435
3602,0.5226934999779524
3603,0.5351392285024191
3604,0.5308738805321116
3605,0.5137777521395487
3606,0.4996517174156265
3607,0.5285485692528187
3608,0.5352539281750417
3609,0.5295185721066751
3610,0.5229300979753532
3611,0.5095808013971282
3612,0.5069455449941649
3613,0.5178552568038609
3614,0.5090262409379799
3615,0.5271844341869809
3616,0.5275278751190573
3617,0.5333657831321498
3618,0.5301042748776851
3619,0.5400199390091802
3620,0.5313514498892691
3621,0.5095813336843407
3622,0.5334445999222189
3623,0.5312517396595126
3624,0.5155981263016426
3625,0.5018510633411252
3626,0.5079748700633422
3627,0.5206686263211283
3628,0.5081377333401265
3629,0.5137971533993275
3630,0.5183510067962843
3631,0.5292131024697473
3632,0.5165870410258397
3633,0.5222692330910105
3634,0.485495599706053
3635,0.5078273050395109
3636,0.517698202655447
3637,0.5476224033122187
3638,0.5640667984867773
3639,0.5701833090762035
3640,0.5464001887154492
3641,0.5583375497364472
3642,0.5303915874452839
3643,0.5286405846679002
3644,0.54770336154784
3645,0.5246448354062594
3646,0.5497965210042082
3647,0.5150045870475505
3648,0.4966660873133228
3649,0.51182079971497
3650,0.5045668200414068
3651,0.4959106870614479
3652,0.48125292476697223
3653,0.4939237659983885
3654,0.4962231178634628
3655,0.5185347669773881
3656,0.5139957746816832
3657,0.5019267142382403
3658,0.508714469346033
3659,0.5309627499726549
3660,0.5318011797343817
3661,0.5325572089779594
3662,0.5458106202148479
3663,0.5355593946585103
3664,0.5333043940479033
3665,0.5281251448878965
3666,0.5100164810473448
3667,0.5015267698994188
3668,0.516617519455268
3669,0.49856799616336933
3670,0.48162330052742
3671,0.5006023934039182
3672,0.518736405078133
3673,0.4913810285565316
3674,0.48206433301298746
3675,0.4743785251429877
3676,0.466904788579603
3677,0.48118043242699504
3678,0.4906478444612921
3679,0.4959185442476747
3680,0.4940417102239934
3681,0.48054771807900226
3682,0.4902820606679036
3683,0.49211166807610973
3684,0.4979743105613513
3685,0.4961218996948483
3686,0.483471037638414
3687,0.4730294153776481
3688,0.46147480370539573
3689,0.4792309204932939
3690,0.4952322799369312
3691,0.4906450457525902
3692,0.4897218731655266
3693,0.5113652778798518
3694,0.5039445723700638
3695,0.5185202537438122
3696,0.48081085063483364
3697,0.4743508052773555
3698,0.5017025726142953
3699,0.4920651608332192
3700,0.5018945724825095
3701,0.5055615451100537
3702,0.5321561445578712
3703,0.5356891811926379
3704,0.5056588077714665
3705,0.5010358842959656
3706,0.4992368167685087
3707,0.49050152143420084
3708,0.5083459574265843
3709,0.5067231509898568
3710,0.5147529031114338
3711,0.541833375396627
3712,0.5402021510612149
3713,0.5149849478524235
3714,0.5063160168738707
3715,0.4873851157632957
3716,0.5064289970886179
3717,0.532404946177487
3718,0.5003979901308241
3719,0.5222495083137446
3720,0.5217095285340466
3721,0.5128068982809276
3722,0.5107376102909151
3723,0.5036572361759621
3724,0.4947320518989917
3725,0.5035426170125226
3726,0.5226920327598493
3727,0.5243132190684919
3728,0.535420021142418
3729,0.5278486755581208
3730,0.5630590788082144
3731,0.5703968916205886
3732,0.544396040716402
3733,0.5197427696193261
3734,0.5296143866996486
3735,0.5236118376540339
3736,0.5378727805803996
3737,0.4988806477075249
3738,0.5150924333976924
3739,0.5114552034564258
3740,0.5095802343610614
3741,0.493394826561421
3742,0.5033978179014185
3743,0.4967133782593643
3744,0.5113549541127248
3745,0.5053757990174874
3746,0.508856205845037
3747,0.5039118462205301
3748,0.5211650858144383
3749,0.5023610320495395
3750,0.4876245284656027
3751,0.503309152008377
3752,0.488306707059299
3753,0.5024010958704915
3754,0.5304449819800539
3755,0.512155286468358
3756,0.5048887241363287
3757,0.49953476496663357
3758,0.5230119585485696
3759,0.5298115395394766
3760,0.5344930139764555
3761,0.5474486365802523
3762,0.5368407434695925
3763,0.5246601419583543
3764,0.5291300147168764
3765,0.5251004397797429
3766,0.5079311102785867
3767,0.5245604869552651
3768,0.497508056270801
3769,0.5141875039556817
3770,0.5126845482436932
3771,0.5374516739137623
3772,0.5369069965767935
3773,0.5424666971008514
3774,0.5423356555448265
3775,0.5248727641975306
3776,0.5254397576051196
3777,0.5126760846609835
3778,0.5482174395270776
3779,0.5280977342532102
3780,0.5155614262070073
3781,0.532023125810384
3782,0.5305832088709795
3783,0.5425027731396325
3784,0.5273190429634116
3785,0.532520735501986
3786,0.5376445999392165
3787,0.5604209386795287
3788,0.5457566986685014
3789,0.5466173307295266
3790,0.5517720310148483
3791,0.5634366000781755
3792,0.5680339347408916
3793,0.5694965051710451
3794,0.5475931466699704
3795,0.5468528161960785
3796,0.5344286926234842
3797,0.5472491576666947
3798,0.5632330831738935
3799,0.5783066111409246
3800,0.589616619133218
3801,0.5695440178189751
3802,0.5603622112340245
3803,0.5628028866869043
3804,0.5641969133097128
3805,0.5863974783427427
3806,0.5777158056342757
3807,0.5645448419432091
3808,0.5627179689405594
3809,0.5659956789277332
3810,0.5673842737582967
3811,0.5705334832468247
3812,0.5830291261485488
3813,0.5936849658231167
3814,0.5806689990364439
3815,0.5565232030687411
3816,0.5634028520326204
3817,0.5658469551310628
3818,0.5659743590847323
3819,0.5387019067112828
3820,0.5527773212410646
3821,0.5609210686347551
3822,0.5665456071854992
3823,0.5539016044511329
3824,0.5561574634690856
3825,0.5672597197726384
3826,0.5728999537750815
3827,0.5655173690999786
3828,0.5462808627811544
3829,0.5512106915401351
3830,0.5446376868355826
3831,0.5434215390554659
3832,0.532477412504109
3833,0.5154102987615125
3834,0.5018640528661629
3835,0.5079409380751443
3836,0.4910408645716299
3837,0.5182412132479779
3838,0.5395317032163142
3839,0.5208638901018219
3840,0.5115379347861493
3841,0.5184335848953145
3842,0.4968603372157687
3843,0.4940981267323726
3844,0.5142274854576391
3845,0.519596427177895
3846,0.5226572537072203
3847,0.49457224064965327
3848,0.5068135787890764
3849,0.49182181508182393
3850,0.47565689966624775
3851,0.47754609988399094
3852,0.48852662204293656
3853,0.5210948177135163
3854,0.5025912277844986
3855,0.5081240669611482
3856,0.5299216464045149
3857,0.5245355741344353
3858,0.5244979200224338
3859,0.5155238916522393
3860,0.5053195650258391
3861,0.5202851302881003
3862,0.5183116923469108
3863,0.5033530457191708
3864,0.4950837874980533
3865,0.5167674182582372
3866,0.5129020933795346
3867,0.5120407446606423
3868,0.5430338259974982
3869,0.5215729714408707
3870,0.5033091461402005
3871,0.5090869195520537
3872,0.47737438716866654
3873,0.48184587246908833
3874,0.49723771462361227
3875,0.49761426861379515
3876,0.5028219801103622
3877,0.5103231513021438
3878,0.4935164766225273
3879,0.5259998771847286
3880,0.5123328632645062
3881,0.5296773383544958
3882,0.5395091433970126
3883,0.5219193421189045
3884,0.5412720088295866
3885,0.5591046896037625
3886,0.5568256574133394
3887,0.5541070843151789
3888,0.5697873179411879
3889,0.5594477104307001
3890,0.5800388132691003
3891,0.549773151349177
3892,0.546603966918098
3893,0.5443545868506592
3894,0.5321590558313541
3895,0.5482662828250817
3896,0.548741437301616
3897,0.5232741806596141
3898,0.5146985546964046
3899,0.516856647331661
3900,0.5220370941849888
3901,0.5215896012213818
3902,0.4975020376060982
3903,0.49533013846859214
3904,0.48549437117321315
3905,0.5015772821176878
3906,0.5102054139708805
3907,0.5196451693637187
3908,0.520125394776624
3909,0.5248461338657436
3910,0.5230548564148493
3911,0.543227047122745
3912,0.5415851273599092
3913,0.5716890267796607
3914,0.5665799653020024
3915,0.5528729569095082
3916,0.5547869655548725
3917,0.5443310419455637
3918,0.5486628150555349
3919,0.5343364878255961
3920,0.5144958088814368
3921,0.5080025882288483
3922,0.5365737771300825
3923,0.546232901025799
3924,0.5091273588814363
3925,0.5253075078629214
3926,0.5282573168082072
3927,0.5327823113100885
3928,0.5285156808402266
3929,0.5439438473437009
3930,0.5405721191932534
3931,0.5407831590445141
3932,0.5297460101100178
3933,0.5212051544341322
3934,0.5153806276450468
3935,0.5140202072443958
3936,0.526236012455814
3937,0.520005628500209
3938,0.5100393767511773
3939,0.5286225289863962
3940,0.5309535672367319
3941,0.5295872916302481
3942,0.5368308058682768
3943,0.5371977009227844
3944,0.5378981273327066
3945,0.5340492998989169
3946,0.5426439840803935
3947,0.5549848250437629
3948,0.5388987720653223
3949,0.5457698733546456
3950,0.5522513967852528
3951,0.5527150512269777
3952,0.5708181236184492
3953,0.5377878756004972
3954,0.5212101540379463
3955,0.5110927363795639
3956,0.512632476955223
3957,0.5198198837882496
3958,0.5052632239715703
3959,0.5280638907263963
3960,0.5201547145977409
3961,0.5100267059878048
3962,0.5099777449698001
3963,0.5259141816582518
3964,0.5590596621284312
3965,0.5533474460610056
3966,0.5506183172835365
3967,0.5258943059262673
3968,0.49910265803182985
3969,0.503459506993488
3970,0.5001992300140017
3971,0.5190895025053814
3972,0.515867987023063
3973,0.5382101062851583
3974,0.552918106135784
3975,0.5124799129856915
3976,0.49884664505442033
3977,0.499609009844213
3978,0.4994316925914632
3979,0.5045525642672041
3980,0.49759262184431285
3981,0.5021814291970229
3982,0.5036435348895624
3983,0.5061224780079081
3984,0.501232457886481
3985,0.48901980103382997
3986,0.5078375691007478
3987,0.5452237758642061
3988,0.5017373169884115
3989,0.4999991891266033
3990,0.49341006303399654
3991,0.4927368493860544
3992,0.5325450247247794
3993,0.533115639719841
3994,0.5236153769594711
3995,0.49837926593870374
3996,0.49882597659765004
3997,0.49413512461369896
3998,0.47467963735749014
3999,0.4932656176861654
4000,0.5214972377466751
4001,0.48461295370321544
4002,0.4923699433999525
4003,0.49822075289994167
4004,0.5017681195660185
4005,0.5174690885295532
4006,0.529466515241853
4007,0.5492603856202641
4008,0.5476485772424927
4009,0.5407608844624479
4010,0.5433868692400918
4011,0.5537950833433558
4012,0.5476447655604492
4013,0.5364115004789634
4014,0.5158306509991144
4015,0.5040737963378102
4016,0.4993216240615193
4017,0.5231949223483052
4018,0.5194335958744442
4019,0.5347256413395884
4020,0.5588797786180503
4021,0.5634095969800963
4022,0.558076314493587
4023,0.5574099289621777
4024,0.5580240309910269
4025,0.5437916979032295
4026,0.5369712496779403
4027,0.5580291928197478
4028,0.5618656240056389
4029,0.5259892063725672
4030,0.5385732759431802
4031,0.527650973330867
4032,0.5597508808215496
4033,0.5515292002644633
4034,0.5424253396212726
4035,0.5369715647114894
4036,0.530627320773725
4037,0.5360088354178559
4038,0.5345822419804453
4039,0.5400925834102689
4040,0.5300741636041342
4041,0.5350563998446664
4042,0.5651191072001647
4043,0.5684260138590203
4044,0.557609663223662
4045,0.547174310807475
4046,0.5550218640392816
4047,0.5419914181860771
4048,0.5257412061428953
4049,0.527394247973326
4050,0.5220299881801516
4051,0.5335857690453697
4052,0.5407676382670307
4053,0.5510382054964805
4054,0.5369380772346539
4055,0.5269959048239518
4056,0.5547292056454762
4057,0.5493182621253848
4058,0.5553421591296619
4059,0.5516418282789559
4060,0.5596418519185322
4061,0.5495013183447216
4062,0.5148550989894902
4063,0.5024619629970417
4064,0.520939910678535
4065,0.5045740943312769
4066,0.5228134701502403
4067,0.522379888383727
4068,0.540594588741359
4069,0.5161276285899358
4070,0.5279762517641804
4071,0.5270679604235481
4072,0.5304855062992737
4073,0.5167240027489566
4074,0.5261939401556008
4075,0.5163936926013887
4076,0.5259225287275013
4077,0.5440578920017269
4078,0.5032535418806329
4079,0.514367884149588
4080,0.5367320172712322
4081,0.5147674469472745
4082,0.48805148113998736
4083,0.4989058270642057
4084,0.5196604239439453
4085,0.5331952832920551
4086,0.5088809286082553
4087,0.5116585594150677
4088,0.503804576983483
4089,0.5038283193964608
4090,0.4889256196036371
4091,0.4862364186918983
4092,0.48733762540895065
4093,0.4861918589705331
4094,0.48896637549644345
4095,0.50068644620852
4096,0.5014753373646649
4097,0.4991656179405133
4098,0.5085063643232234
4099,0.4762150448966804
4100,0.4810438269734664
4101,0.46766444652232975
4102,0.4962016195533523
4103,0.4941023928690106
4104,0.4785493699220146
4105,0.4907509859657714
4106,0.48715485891441757
4107,0.4948389432228722
4108,0.49138054328983916
4109,0.4781547459349343
4110,0.4872111531878055
4111,0.49526460275963635
4112,0.5052601194691334
4113,0.49526653261225256
4114,0.48971962502337
4115,0.4760966737845092
4116,0.47427380287799276
4117,0.46826427977924007
4118,0.4677720130429451
4119,0.476044870923966
4120,0.4707970126746448
4121,0.4719386007069692
4122,0.47638352224518615
4123,0.46377777394844816
4124,0.47752781360510116
4125,0.4733639702457535
4126,0.4944690100256764
4127,0.4734128053447633
4128,0.48435209470916313
4129,0.4840019946036999
4130,0.4950890455484099
4131,0.49617187193122597
4132,0.4939667684760557
4133,0.5098526031423983
4134,0.4845075531977117
4135,0.4776454729773702
4136,0.49170775325801136
4137,0.47686285796175415
4138,0.4631862554417062
4139,0.4660109792944331
4140,0.4758243929065914
4141,0.497854491069568
4142,0.48240647252618546
4143,0.46757382841870626
4144,0.4483760087915144
4145,0.4468574839581426
4146,0.4746970529251777
4147,0.47331983777697034
4148,0.47153080927299035
4149,0.4913605025359673
4150,0.47148142053624
4151,0.4639048582256113
4152,0.4738135814125475
4153,0.4929236798298246
4154,0.47944063857900965
4155,0.4889589386416414
4156,0.48818699227189716
4157,0.486595462226868
4158,0.4874515384443342
4159,0.5059325144242385
4160,0.5309709598527212
4161,0.496349406141965
4162,0.5104651868587604
4163,0.4881688961603051
4164,0.4750942730043543
4165,0.5007728544499079
4166,0.5170008311343324
4167,0.5271396388229336
4168,0.5078087962360914
4169,0.5074552403781475
4170,0.5104341512542335
4171,0.5200415646172062
4172,0.5321920341038212
4173,0.5147647356579442
4174,0.515812593414566
4175,0.5102620315054249
4176,0.5102476507171331
4177,0.5129064283712675
4178,0.5194509262438921
4179,0.5238261021503522
4180,0.5145553410622943
4181,0.5321600344182803
4182,0.5101396084629287
4183,0.5132031311998229
4184,0.520706179348371
4185,0.5062270549121474
4186,0.506899071863476
4187,0.5157997734240227
4188,0.5443291764139765
4189,0.5324142781954239
4190,0.5184931906203234
4191,0.5007543689653947
4192,0.4932927721502837
4193,0.5009190048701179
4194,0.4979310904020094
4195,0.5353120932079632
4196,0.5397770875556505
4197,0.5345797447972808
4198,0.5284374490031183
4199,0.5422405162856948
4200,0.5240464325858387
4201,0.5472880575047444
4202,0.5292482558063831
4203,0.5202433943660028
4204,0.5139859011352893
4205,0.5021375019772976
4206,0.5137069143963362
4207,0.4855231369452688
4208,0.48730113308614054
4209,0.5112052875688767
4210,0.48629954956337273
4211,0.48965995491295217
4212,0.5208105416898194
4213,0.4976281217872403
4214,0.5212554778013302
4215,0.5196534835916884
4216,0.5156090018966989
4217,0.5061180187603471
4218,0.5214300363424472
4219,0.5200656039846955
4220,0.5198093175064034
4221,0.4936054259155712
4222,0.5099423504072506
4223,0.5137971337107741
4224,0.5281376818074942
4225,0.5324796023484032
4226,0.5339064667913507
4227,0.518741505345847
4228,0.5105708933046438
4229,0.51968652199925
4230,0.5228841090335768
4231,0.5236209567449249
4232,0.5218782429857212
4233,0.5435132548096642
4234,0.5211742691810529
4235,0.5252776692401903
4236,0.5042090655856931
4237,0.5060986601503575
4238,0.537866357410941
4239,0.5185797704041663
4240,0.5248320642278941
4241,0.49752532246467274
4242,0.49916613444970004
4243,0.5168314436522122
4244,0.527492048395498
4245,0.5120948696736574
4246,0.5023545856386702
4247,0.513490033845154
4248,0.5213235786710614
4249,0.5190844697216931
4250,0.53943311451162
4251,0.5249105687706652
4252,0.5334968173940866
4253,0.5482951194814145
4254,0.5358348053857613
4255,0.5313147934041715
4256,0.5408546593432038
4257,0.5107059971467393
4258,0.5192517265622867
4259,0.5162716249400272
4260,0.5200646288254425
4261,0.5412601414304973
4262,0.5312576128263523
4263,0.5010327812099027
4264,0.5160740535306582
4265,0.5103729827845583
4266,0.5427231571016605
4267,0.5309423870175224
4268,0.5499608813240235
4269,0.5225327113208076
4270,0.5421415814957151
4271,0.5369142848789906
4272,0.5462393401425805
4273,0.5591833674222583
4274,0.5501950189472944
4275,0.581642561295612
4276,0.5855224325055008
4277,0.5864754420535598
4278,0.5690360599909817
4279,0.5679302060348984
4280,0.5624586318058904
4281,0.5625461499220676
4282,0.549282232072264
4283,0.5452754288668864
4284,0.5554602292194187
4285,0.5526592780516854
4286,0.5549652754342972
4287,0.5564866185278176
4288,0.560257127226133
4289,0.547955906871888
4290,0.5231547370875821
4291,0.5354140542492883
4292,0.5397527096711771
4293,0.5441613798108628
4294,0.5410073842762585
4295,0.5188823086677367
4296,0.4949129013276193
4297,0.5123707517470758
4298,0.5088709713005019
4299,0.502709574730085
4300,0.533657186915379
4301,0.5126629176254056
4302,0.5344049494617836
4303,0.5182510506968622
4304,0.509956462383717
4305,0.4993212319905727
4306,0.5040931221613624
4307,0.47791941482335193
4308,0.5007039413146737
4309,0.5106442985394493
4310,0.48678353834184307
4311,0.5119648791244331
4312,0.5229523850162656
4313,0.4937943744692956
4314,0.4899531116355665
4315,0.46731671891499854
4316,0.48757660437411426
4317,0.4736689073868279
4318,0.45503999698963016
4319,0.4629179622911159
4320,0.4616851671533805
4321,0.47233371507065697
4322,0.44458587567819774
4323,0.46131244023817486
4324,0.47897536877098273
4325,0.5014045514752895
4326,0.5158031245365025
4327,0.5243255689468306
4328,0.503998436085904
4329,0.5166452349334787
4330,0.5053530315360457
4331,0.5046604656207999
4332,0.5248091517970178
4333,0.5431963162611977
4334,0.533375961940304
4335,0.5372831030297236
4336,0.509431570013951
4337,0.5221702850016599
4338,0.5293697679927711
4339,0.5239063661862191
4340,0.5427826888437759
4341,0.5455103790515727
4342,0.5480669748290099
4343,0.5278574586822168
4344,0.5337354657527396
4345,0.5174575929918505
4346,0.5251456016472766
4347,0.5190108065887724
4348,0.526552855660129
4349,0.5606274246889922
4350,0.5479000737534506
4351,0.5638249370823122
4352,0.5603563568234108
4353,0.5585192435517482
4354,0.5615932575455818
4355,0.544285014796262
4356,0.5317646276055333
4357,0.5490793197272323
4358,0.522575714631846
4359,0.5426747697938492
4360,0.5537685200294308
4361,0.545389099076378
4362,0.523543507861052
4363,0.5085581440126973
4364,0.5044174688983163
4365,0.5185324109320861
4366,0.5372931112422956
4367,0.5335578874388774
4368,0.5574000384803371
4369,0.564778777937044
4370,0.5594916515351831
4371,0.5302198605077992
4372,0.5285638679829043
4373,0.537648356394593
4374,0.5351313916628588
4375,0.5418935860552475
4376,0.5397521068668956
4377,0.5508461016189576
4378,0.5543824580235616
4379,0.5410042705137397
4380,0.5631062437148459
4381,0.562050599650551
4382,0.5679632134372206
4383,0.5361023128127612
4384,0.5385844838031444
4385,0.5530122489840898
4386,0.5653857048496308
4387,0.546083308537571
4388,0.5323150701132024
4389,0.5457219503349755
4390,0.5342907414164224
4391,0.5378260916207671
4392,0.5778098744627289
4393,0.5646370778619835
4394,0.5523323924264236
4395,0.539859056088286
4396,0.5574957092481523
4397,0.5471894791820244
4398,0.556425767076761
4399,0.5451343618609696
4400,0.5239666451610447
4401,0.5604132084173503
4402,0.5388408816289466
4403,0.5535675509007673
4404,0.5366106709842161
4405,0.5297321574301576
4406,0.530213645505988
4407,0.5560855063780686
4408,0.5394237352192174
4409,0.5449253647382789
4410,0.5290053703503371
4411,0.535848571294825
4412,0.5233176199432347
4413,0.5350221507102806
4414,0.5241362412924743
4415,0.5239218292142682
4416,0.531252875864553
4417,0.5384946670072004
4418,0.5347707628976881
4419,0.5358631684473736
4420,0.5527513125520497
4421,0.533114573668238
4422,0.5380501038265104
4423,0.5366238520869642
4424,0.512349420707407
4425,0.5041233612021094
4426,0.5112416890446417
4427,0.5132291566433028
4428,0.536329851169626
4429,0.5283063765062341
4430,0.5209837594731023
4431,0.5362759247875779
4432,0.5296611329747425
4433,0.5069979809596192
4434,0.4993843850733677
4435,0.5204980892249111
4436,0.5073674026657412
4437,0.5194172921890299
4438,0.5157371974147131
4439,0.5021394983363076
4440,0.5142422542859341
4441,0.48542773688135527
4442,0.4839795788563494
4443,0.48216319719290385
4444,0.4888672263699588
4445,0.4807918961242407
4446,0.4951065212786139
4447,0.49504223469595715
4448,0.49874212029492343
4449,0.5030039734768604
4450,0.4908624199161033
4451,0.4924417253710971
4452,0.4947392934751505
4453,0.5087324736234107
4454,0.5107019951328705
4455,0.5242454794754932
4456,0.5395545489858063
4457,0.5367362119203225
4458,0.542195452412649
4459,0.5348528940007401
4460,0.5604320777940842
4461,0.5218093345741182
4462,0.5362120757131007
4463,0.5377121243470784
4464,0.5299279786327423
4465,0.554863324429199
4466,0.5375633302515178
4467,0.5215229238413893
4468,0.5074878658361209
4469,0.5353820690601215
4470,0.554946633061317
4471,0.5379254991935563
4472,0.5292408538699712
4473,0.5277990887841363
4474,0.5313313681773874
4475,0.5205984139774178
4476,0.5257914071832998
4477,0.5168545328961722
4478,0.5504193533161466
4479,0.5367561411788481
4480,0.5310024902486984
4481,0.5319066474771184
4482,0.5618537527675559
4483,0.5454481808431216
4484,0.5426478009724998
4485,0.5353784189818313
4486,0.5546523152898881
4487,0.5471321900536765
4488,0.5321838464899187
4489,0.5512325849888106
4490,0.5327265879868722
4491,0.547311386082542
4492,0.5159893962695761
4493,0.4938154821343712
4494,0.4941083590217633
4495,0.491432511199692
4496,0.4765457764491606
4497,0.4869030238411708
4498,0.4898508156968803
4499,0.5014956442430675
4500,0.505999025584545
4501,0.5153689078278456
4502,0.5096847554532468
4503,0.4993738362136382
4504,0.5039333700325276
4505,0.5015317962116609
4506,0.48269097906357294
4507,0.4724275941800929
4508,0.47490106815826866
4509,0.5001172033041583
4510,0.5069536876644191
4511,0.4881478108436568
4512,0.4621594079219829
4513,0.45356246764614855
4514,0.46525585611775877
4515,0.47055223175239835
4516,0.4847391356690127
4517,0.48945466831481965
4518,0.5028093043014548
4519,0.4960549115026103
4520,0.5069721927933734
4521,0.5178941344580106
4522,0.5233170528141735
4523,0.5096389427761259
4524,0.5238974537702982
4525,0.5157788697466215
4526,0.5348300530848328
4527,0.542122282737069
4528,0.5175300413205065
4529,0.5247724928893011
4530,0.5348704576439004
4531,0.5339000172544434
4532,0.5305860650274804
4533,0.5334557359107365
4534,0.5313913250606378
4535,0.5232506194841001
4536,0.49911735555498915
4537,0.4838932992174366
4538,0.4735364976244019
4539,0.47727240066241367
4540,0.4676904959869421
4541,0.49913831851265333
4542,0.518440462178389
4543,0.5138482611277898
4544,0.5108728362773921
4545,0.49026809904288543
4546,0.5051088536279142
4547,0.511867698946543
4548,0.5081391132390054
4549,0.49828403119831327
4550,0.4971483484253858
4551,0.5033853283385503
4552,0.5224927003244099
4553,0.5198384636678962
4554,0.5429393008676795
4555,0.5501656866768693
4556,0.5229373899341322
4557,0.5261289218333159
4558,0.5569495543647563
4559,0.5659903035412747
4560,0.5363020532078925
4561,0.53634391515867
4562,0.5430672637700944
4563,0.5326622316990575
4564,0.534255467600956
4565,0.5440447496179733
4566,0.5206572394269485
4567,0.5226748366276136
4568,0.5195908023939505
4569,0.5418862377371789
4570,0.5446759456165201
4571,0.5374252108249957
4572,0.5329299868051371
4573,0.5281906614841476
4574,0.5300316012728227
4575,0.532851521786118
4576,0.5416934654085812
4577,0.5218655205604611
4578,0.5313641269690977
4579,0.5453385874709178
4580,0.5895600332977935
4581,0.5927949578642451
4582,0.6073471105282054
4583,0.6067876353511176
4584,0.6088730796366056
4585,0.5994032082606536
4586,0.5871121051630942
4587,0.5781423092012353
4588,0.5857696077902608
4589,0.5482769977034069
4590,0.5486736956794346
4591,0.5561714121168745
4592,0.57927063637989
4593,0.5718785188526346
4594,0.5729315048742034
4595,0.5367946261039379
4596,0.525684935379171
4597,0.5436063664219869
4598,0.5670353825960752
4599,0.5688672343086363
4600,0.5803393303956987
4601,0.5829193038900536
4602,0.5721100669375199
4603,0.5953296461880715
4604,0.5876690666219226
4605,0.5943128339460645
4606,0.5812461743603411
4607,0.5862529762052258
4608,0.588153114785573
4609,0.589797818431282
4610,0.5668071101707517
4611,0.554500353411682
4612,0.5608776783257262
4613,0.5646954514977178
4614,0.5776368839848343
4615,0.5830301104391229
4616,0.5726952029907895
4617,0.6029032934410664
4618,0.5804014960330299
4619,0.5941948378723454
4620,0.5504266807486585
4621,0.5540411614711254
4622,0.5574921115625889
4623,0.5402191306563201
4624,0.5613119958079688
4625,0.5699707833149937
4626,0.5370067121358363
4627,0.5399134729361209
4628,0.5367283191959822
4629,0.5465344422752735
4630,0.5466965297462656
4631,0.5323907277142496
4632,0.5437097227455873
4633,0.5406831716847146
4634,0.5416000646103437
4635,0.5631350501087011
4636,0.5596118534181649
4637,0.5546928337848058
4638,0.5430009062148429
4639,0.5321600099309844
4640,0.5195228672316418
4641,0.49885490821423556
4642,0.5063300751866884
4643,0.513153772078167
4644,0.5152245638568705
4645,0.4920585447114047
4646,0.5065861997965517
4647,0.5129350740925049
4648,0.517869828828884
4649,0.5087148236303124
4650,0.5174492466081354
4651,0.5039971010853683
4652,0.514500137950151
4653,0.5056565401327061
4654,0.4833139432997892
4655,0.4999871273099022
4656,0.5027401771864322
4657,0.49292692934607724
4658,0.4958345497793247
4659,0.514477993976136
4660,0.5176061813817274
4661,0.5049843310123194
4662,0.5215371625686323
4663,0.5171993312415927
4664,0.5182355165377432
4665,0.5327608312626196
4666,0.5166047828984577
4667,0.5238258228909787
4668,0.5092104152368229
4669,0.515395538845167
4670,0.5425731121152938
4671,0.5706229603466654
4672,0.5702765380794707
4673,0.560840754088699
4674,0.5480708736836323
4675,0.5413882953502726
4676,0.5340676176849768
4677,0.5256051682736225
4678,0.5217937778567382
4679,0.513795812466235
4680,0.48734642781027926
4681,0.4867906187899503
4682,0.515314731701371
4683,0.5090063490548007
4684,0.5116956130357219
4685,0.5126911165700353
4686,0.5342523738107423
4687,0.5081709456541048
4688,0.527905070129393
4689,0.520084353218809
4690,0.5284173345131447
4691,0.5141174470912175
4692,0.5163984790862068
4693,0.48778144514108146
4694,0.4948016057181686
4695,0.5139640348864808
4696,0.5202744417068822
4697,0.5310620923266633
4698,0.520148129078191
4699,0.5053358977504988
4700,0.49799098183041646
4701,0.5222265013339367
4702,0.5217141807637697
4703,0.534124714764682
4704,0.5329250339368994
4705,0.5440819374841849
4706,0.5335197983235802
4707,0.5279637387560296
4708,0.5415653327678
4709,0.5021006645563719
4710,0.5059786620082585
4711,0.5331568762806544
4712,0.5334889284264757
4713,0.5272136946956442
4714,0.5241033174514543
4715,0.5215971345610654
4716,0.5268902370422195
4717,0.5206605610340197
4718,0.5255205898943246
4719,0.5055342843058087
4720,0.5075570769812324
4721,0.5054100119377629
4722,0.5157954471427519
4723,0.5056792372508765
4724,0.5045425976252118
4725,0.5241751508376937
4726,0.5234802540046714
4727,0.5173022478358816
4728,0.5193809497789255
4729,0.5098771493488636
4730,0.5149088000404891
4731,0.49474681705282164
4732,0.5135501725870224
4733,0.5351749195175495
4734,0.5416849901992045
4735,0.545756385022713
4736,0.558810137178014
4737,0.5415955871275624
4738,0.5544580182405449
4739,0.5208211073958166
4740,0.5209907368168063
4741,0.5341499027865202
4742,0.5518665762719625
4743,0.5379746511740784
4744,0.5551890304715725
4745,0.5692507194100703
4746,0.5590872396770808
4747,0.5881838697870784
4748,0.5895161303185718
4749,0.5760886738032989
4750,0.5725124417981217
4751,0.553764839449024
4752,0.54764769463041
4753,0.5488908622904931
4754,0.5301210994048648
4755,0.5202038699785142
4756,0.5005411933996513
4757,0.4914514654086501
4758,0.4949282414256044
4759,0.4934930703873699
4760,0.516653196057719
4761,0.4980217157174569
4762,0.512380745634955
4763,0.5152044534431454
4764,0.5080735451179739
4765,0.5102062571510131
4766,0.5282296574615689
4767,0.5197760939770792
4768,0.5373102658955157
4769,0.5191533743670284
4770,0.5205897579788575
4771,0.5257567847520771
4772,0.5184481386851174
4773,0.5145917157473673
4774,0.4911999461379432
4775,0.5106317233944424
4776,0.5232316777339885
4777,0.5539827800286422
4778,0.5310448871358326
4779,0.5406834247018234
4780,0.5382882391036498
4781,0.5386244069798187
4782,0.5426984907168078
4783,0.5463797630476119
4784,0.5394796068555586
4785,0.5456887009580162
4786,0.5564592605421881
4787,0.571224594996546
4788,0.5495330522896318
4789,0.5602977978000461
4790,0.5653143567765814
4791,0.5440988420543839
4792,0.5526696368084982
4793,0.5693351861953047
4794,0.5493729917977973
4795,0.5303307053001611
4796,0.5293158994519596
4797,0.549330228735041
4798,0.5519980086375502
4799,0.5444617134500134
4800,0.5773671674998933
4801,0.5957896783856409
4802,0.5763148958232573
4803,0.5677660835681666
4804,0.557815385571429
4805,0.5523939236508043
4806,0.5358003990624653
4807,0.5180279883785864
4808,0.554754648576499
4809,0.524699442925945
4810,0.5080917235485607
4811,0.5053814055662115
4812,0.5292752262181728
4813,0.5279105643052866
4814,0.5191990978793467
4815,0.5336929488422082
4816,0.534576846878012
4817,0.528764674272422
4818,0.5175738149625986
4819,0.5175472273771725
4820,0.5196733327797728
4821,0.5302397118895943
4822,0.5356437100393152
4823,0.541844758863134
4824,0.5187672795271868
4825,0.5173640218519768
4826,0.5341259718431828
4827,0.5423838742933912
4828,0.5352271838799832
4829,0.5334426080877377
4830,0.5433544309220948
4831,0.5824205930188643
4832,0.5630273336205373
4833,0.5716865822181315
4834,0.5629726731501596
4835,0.5713161097973055
4836,0.5678697174510143
4837,0.5678640915058336
4838,0.5482748070090497
4839,0.5731756281040958
4840,0.5683139859066708
4841,0.5754172243375096
4842,0.5500808147969618
4843,0.5328834370865227
4844,0.5414160253892382
4845,0.5488106223854439
4846,0.5682525273461757
4847,0.5796519254960699
4848,0.5642527987481506
4849,0.5777850279563431
4850,0.5785926231397078
4851,0.5754637228329789
4852,0.5730364173064958
4853,0.5631489176199529
4854,0.5670257776638348
4855,0.5325653339339999
4856,0.5222043607217834
4857,0.5304114143562364
4858,0.5210162320568611
4859,0.5252710066830047
4860,0.513004711163003
4861,0.5181206538724152
4862,0.5154052257780751
4863,0.5234499149032945
4864,0.5419987485252554
4865,0.5433079904955787
4866,0.5135200238448927
4867,0.5140881208260754
4868,0.5156799869368554
4869,0.5279400768438892
4870,0.5311775889743869
4871,0.52623950892905
4872,0.5493327717667597
4873,0.5743751507927579
4874,0.5580523008104784
4875,0.5705879404150623
4876,0.5458153165834614
4877,0.5482479418846438
4878,0.5571666239589589
4879,0.5784063224880427
4880,0.5766859406928929
4881,0.5649357671695044
4882,0.5752584997701924
4883,0.5570625331535917
4884,0.5763096706058348
4885,0.5844374681596489
4886,0.6100645143880958
4887,0.5741157561828685
4888,0.576915493460781
4889,0.5737083137956849
4890,0.5752377324593334
4891,0.5812136261922805
4892,0.6126426575983103
4893,0.5915130431032205
4894,0.583728194295064
4895,0.5772313072389241
4896,0.5716422371513592
4897,0.568807255607502
4898,0.5608753463015564
4899,0.5821340077939345
4900,0.5983241594107204
4901,0.5718803482869507
4902,0.5417123117418148
4903,0.5484956233788797
4904,0.5870957524756665
4905,0.5893131939524074
4906,0.5722248983973134
4907,0.5724777995686599
4908,0.5636750146146883
4909,0.5706392927422689
4910,0.5870230525462753
4911,0.5720421653664064
4912,0.5633045433550985
4913,0.5800231914163957
4914,0.5755675362162055
4915,0.5662471671025905
4916,0.5770677910315681
4917,0.5767911524021685
4918,0.5513464927354436
4919,0.5513901057609523
4920,0.5626749952994583
4921,0.589530985250012
4922,0.5725182760265962
4923,0.543744857874424
4924,0.5281268776725644
4925,0.5429026662827303
4926,0.5431832992205895
4927,0.5587995868732969
4928,0.5737256391470197
4929,0.5774387343502815
4930,0.5570121554002514
4931,0.585018045199448
4932,0.5680567167830879
4933,0.5773011158850211
4934,0.5625131093482163
4935,0.533916731904138
4936,0.5564483266492698
4937,0.5385183263143094
4938,0.5617354035555326
4939,0.5411230580005492
4940,0.5727050932532594
4941,0.5574256453638139
4942,0.54816027562146
4943,0.5698422746173541
4944,0.5665447565193286
4945,0.564373711311138
4946,0.5551106174339593
4947,0.5622346996538968
4948,0.5514377028393234
4949,0.5396592625033799
4950,0.5885432588863273
4951,0.5913862318715067
4952,0.5922432132140115
4953,0.6047846021684314
4954,0.6012515245661176
4955,0.6109001303224002
4956,0.6022005026497413
4957,0.6097483488210191
4958,0.618042255822461
4959,0.6255907731869521
4960,0.6043835298235636
4961,0.593202273784006
4962,0.5996857751190318
4963,0.5971331734197153
4964,0.580205641540885
4965,0.5824552524415332
4966,0.5773559705262182
4967,0.5822594794910465
4968,0.5981041615238937
4969,0.610585971818211
4970,0.6072925555753128
4971,0.597075752411202
4972,0.5854257719079924
4973,0.5655185605042647
4974,0.5409046441659968
4975,0.5576675802301665
4976,0.5794734109873102
4977,0.5757921722477016
4978,0.5978488907062387
4979,0.5837197396243042
4980,0.6038751434816044
4981,0.577309953413143
4982,0.5967048453986393
4983,0.5647847168512219
4984,0.5611829998231977
4985,0.5789744685220274
4986,0.5781522646073751
4987,0.5765499646149668
4988,0.573676945569772
4989,0.5506609804954964
4990,0.541329558005648
4991,0.5500610921681018
4992,0.5689894826864551
4993,0.5712269976760842
4994,0.559583472166637
4995,0.5794644365167978
4996,0.5599489218125799
4997,0.5493589871486279
4998,0.5378219952880678
4999,0.5313004028812884
